# flagged data for all lines, look at flag_characterization.jpg for an overview of the flag characterization
# first column: line number
# second column: flag 1 - no line visible
# third column flag 2 - line blends with contiuum
# fourth colum flag 3 - low SNR
1	57852				58007,58152,57969,58031,58034,58035,58036,58039			57964,57968,57969,58003
2	57852				58007,58152,57969,58003,58031,58034,58035,58036,58039		58022,58077,57969,58003
3	57852				58007,58152,58031,58034,58035,58036,58039			57964,57968
4	57852				58007,58152,58031,58034,58035,58036,58039			57964,57968,58022,57969,58003
5	57850,57852			58007,58152,58031,58034,58035,58036,58039			57968,58022,57964,57969,58003,58148
6	57850,57852,57856		58007,58152,58031,58034,58035,58036,58039			57964,57968,58022,57969,58003,58118,58152
7	57846,57850,57852,57856		58152,58007,58031,58034,58035,58036,58039			57969,58003,58118,58119
8	57852				58007,58148,58152,58031,58034,58035,58036,58039			57959,57964,57968,58022,57969,58003,58135,58011
9	None				57852,58152,58007,58031,58034,58035,58036,58039			57964,57959,57964,57968,57969,58022,58003,58148
10	57850,57852,57856		57969,58007,58152,58031,58034,58035,58036,58039			57964,57968,58022,58162,58003
11	57846,57850,57852,57856		58152,58007,58031,58034,58035,58036,58039			57964,57968,58022,58133,58197,57969,58003,58118,58119,58207
12	57850,57852,57856		58007,58152,58031,58034,58035,58036,58039			57964,57968
13	57846,57850,57852,57856		57969,58003,58207,58007,58152,58031,58034,58035,58036,58039	57964,57968,58022,58077,58132
14	57850,57852,57856		58007,58061,58096,58152,58031,58034,58035,58036,58039		57964,57968,58020,58132,57969
15	57852				58007,58152,58031,58034,58035,58036,58039			57964,57968,58022,57969,58003,57983
16	57969,57856,57852,57850		58020,58152,58007,58031,58034,58035,58036,58039			57850,57991,58056,58118,58201,58209,58096,58061,57974,58125
