5.787452300560000003e+04
5.787452345852999861e+04
5.787452390878999722e+04
5.787452436242000113e+04
5.787452481476999674e+04
5.787452526421999937e+04
5.787452571668999735e+04
5.787452616834000219e+04
5.787452662139000313e+04
5.787452707709999959e+04
5.787452753130000201e+04
5.787452798700000130e+04
5.787452844526000263e+04
5.787452889991999837e+04
5.787452935284999694e+04
5.787452980381000089e+04
5.787453025570000318e+04
5.787453070979000040e+04
5.787453115912999783e+04
5.787453161459999683e+04
5.787453206961000251e+04
