5.787048896416999924e+04
5.787048941732999810e+04
5.787048987002999638e+04
5.787049032366000029e+04
5.787049077334000322e+04
5.787049122429999989e+04
5.787049167550000129e+04
5.787049212529999932e+04
5.787049258217000170e+04
5.787049303417000192e+04
5.787049348687000020e+04
5.787049394256999949e+04
5.787049439307000284e+04
5.787049484079000104e+04
5.787049529430000257e+04
5.787049574502999894e+04
5.787049619841999811e+04
5.787049665400999947e+04
5.787049710346999927e+04
5.787049755361999996e+04
5.787049800851000327e+04
