5.787248423927000113e+04
5.787248469648999890e+04
5.787248514525000064e+04
5.787248559666999790e+04
5.787248604856999737e+04
5.787248650287999772e+04
5.787248695789000340e+04
5.787248740954999812e+04
5.787248786560000008e+04
5.787248831667999912e+04
5.787248877180999989e+04
5.787248922265999863e+04
5.787248967396000080e+04
5.787249012978999963e+04
5.787249058826999681e+04
5.787249104097000236e+04
5.787249149331999797e+04
5.787249194567000086e+04
5.787249239882999973e+04
5.787249285373000021e+04
5.787249330562000250e+04
