5.787648946820000128e+04
5.787648992343999998e+04
5.787649037857000076e+04
5.787649083578000136e+04
5.787649128673999803e+04
5.787649173966999660e+04
5.787649219086000085e+04
5.787649264158999722e+04
5.787649309497999639e+04
5.787649354720999690e+04
5.787649399737000203e+04
5.787649445330999879e+04
5.787649490820000210e+04
5.787649536090000038e+04
5.787649582088999887e+04
5.787649627463000070e+04
5.787649672732000181e+04
5.787649718487999780e+04
5.787649763700000040e+04
5.787649808692000079e+04
5.787649853810999775e+04
