5.788046434507000231e+04
5.788046479730999999e+04
5.788046525174000271e+04
5.788046570826000243e+04
5.788046616430999711e+04
5.788046662071000173e+04
5.788046707259999675e+04
5.788046752900000138e+04
5.788046797985000012e+04
5.788046843056999933e+04
5.788046888698000112e+04
5.788046934083000087e+04
5.788046979226000258e+04
5.788047024391000014e+04
5.788047069799999736e+04
5.788047115068999847e+04
5.788047160396999971e+04
5.788047206649999862e+04
5.788047251885999867e+04
5.788047297144000186e+04
5.788047342714000115e+04
