5.795987830583000323e+04
5.795987875737000286e+04
5.795987921967999864e+04
5.795987966982999933e+04
5.795988012275999790e+04
5.795988057822999690e+04
5.795988103289999708e+04
5.795988148791000276e+04
5.795988193830000091e+04
5.795988238855999953e+04
5.795988284959000157e+04
5.795988330378999672e+04
5.795988375868999719e+04
5.795988421045999712e+04
5.795988466222999705e+04
5.795988511203999951e+04
5.795988556866999716e+04
5.795988602125000034e+04
5.795988647476000187e+04
5.795988692966000235e+04
5.795988738605999970e+04
