5.796888513809999858e+04
5.796888558847999957e+04
5.796888604130000022e+04
5.796888649307000014e+04
5.796888694542000303e+04
5.796888739938999788e+04
5.796888785336000001e+04
5.796888830802000302e+04
5.796888876303000143e+04
5.796888921283999662e+04
5.796888966623000306e+04
5.796889012321000337e+04
5.796889057532000152e+04
5.796889102986999933e+04
5.796889148569000099e+04
5.796889193931999762e+04
5.796889239213000110e+04
5.796889284020000196e+04
5.796889329590000125e+04
5.796889374906000012e+04
5.796889419967000140e+04
