5.796990716743999656e+04
5.796990762014000211e+04
5.796990807525999844e+04
5.796990853108999727e+04
5.796990898192999884e+04
5.796990943359000084e+04
5.796990988847999688e+04
5.796991033921000053e+04
5.796991079549999995e+04
5.796991125016000296e+04
5.796991170332000183e+04
5.796991215717000159e+04
5.796991261253000266e+04
5.796991306720000284e+04
5.796991352360000019e+04
5.796991397711000172e+04
5.796991443153999717e+04
5.796991488422999828e+04
5.796991533589000028e+04
5.796991578812000080e+04
5.796991624382999726e+04
