5.796490357167000184e+04
5.796490402783999889e+04
5.796490448170000309e+04
5.796490493648000120e+04
5.796490539090999664e+04
5.796490584151999792e+04
5.796490629608000017e+04
5.796490674646000116e+04
5.796490720367000176e+04
5.796490765868000017e+04
5.796490811219000170e+04
5.796490856570000324e+04
5.796490902128999733e+04
5.796490947618999780e+04
5.796490992795999773e+04
5.796491037961000256e+04
5.796491083439000067e+04
5.796491128744000162e+04
5.796491174268000032e+04
5.796491219491999800e+04
5.796491264750000119e+04
