5.796291024956999900e+04
5.796291069866999896e+04
5.796291115356999944e+04
5.796291160823999962e+04
5.796291206221000175e+04
5.796291254314999969e+04
5.796291299365000305e+04
5.796291344889000175e+04
5.796291390043000138e+04
5.796291435243999877e+04
5.796291480269999738e+04
5.796291525307999837e+04
5.796291571018000104e+04
5.796291616485000122e+04
5.796291661811999802e+04
5.796291707324999879e+04
5.796291752329000155e+04
5.796291797378000047e+04
5.796291842498000187e+04
5.796291887639999914e+04
5.796291932644000190e+04
