5.797591876441000204e+04
5.797591921872999956e+04
5.797591967917999864e+04
5.797592013395999675e+04
5.797592058653999993e+04
5.797592104269999982e+04
5.797592149274000258e+04
5.797592195584999718e+04
5.797592240715999651e+04
5.797592285927999910e+04
5.797592331300999649e+04
5.797592378017999727e+04
5.797592424513999867e+04
5.797592469911000080e+04
5.797592515447000187e+04
5.797592560450000019e+04
5.797592606125000020e+04
5.797592651638000098e+04
5.797592698758999904e+04
5.797592744376000337e+04
5.797592789692000224e+04
