5.797185770973999752e+04
5.797185816637999960e+04
5.797185861896000279e+04
5.797185909284000081e+04
5.797185954854000011e+04
5.797186000285999762e+04
5.797186045659999945e+04
5.797186090731999866e+04
5.797186135736000142e+04
5.797186181133000355e+04
5.797186226298000111e+04
5.797186271418000251e+04
5.797186316501999681e+04
5.797186361980000220e+04
5.797186407422999764e+04
5.797186452658000053e+04
5.797186498125000071e+04
5.797186543707000237e+04
5.797186589023000124e+04
5.797186634488999698e+04
5.797186680070999864e+04
