5.797387235953000345e+04
5.797387281385000097e+04
5.797387327070999891e+04
5.797387372386999778e+04
5.797387417275000189e+04
5.797387462439999945e+04
5.797387508034000348e+04
5.797387554554000235e+04
5.797387600101000135e+04
5.797387645532999886e+04
5.797387690501999896e+04
5.797387735516999965e+04
5.797387780635999661e+04
5.797387826148999739e+04
5.797387871442000323e+04
5.797387916884999868e+04
5.797387962757000059e+04
5.797388008778999938e+04
5.797388053863000096e+04
5.797388098970999999e+04
5.797388144055000157e+04
