5.797486975382999663e+04
5.797487020964999829e+04
5.797487066154000058e+04
5.797487114537000161e+04
5.797487160397000116e+04
5.797487205597999855e+04
5.797487251087000186e+04
5.797487296508000145e+04
5.797487341592000303e+04
5.797487386908000190e+04
5.797487432512999658e+04
5.797487477770999976e+04
5.797487523330999829e+04
5.797487568599999940e+04
5.797487613835000229e+04
5.797487659266999981e+04
5.797487704757000029e+04
5.797487750072999916e+04
5.797487795365999773e+04
5.797487840739000239e+04
5.797487886332999915e+04
