5.797287645099999645e+04
5.797287690485000348e+04
5.797287735570000223e+04
5.797287781314000313e+04
5.797287826733999827e+04
5.797287872015000175e+04
5.797287917459000164e+04
5.797287962775000051e+04
5.797288007939999807e+04
5.797288053440999647e+04
5.797288099440000224e+04
5.797288144918000035e+04
5.797288189933000103e+04
5.797288235549999808e+04
5.797288281108999945e+04
5.797288325985000120e+04
5.797288370977000159e+04
5.797288416165999661e+04
5.797288461991000077e+04
5.797288507388000289e+04
5.797288552727000206e+04
