5.798790854083000158e+04
5.798790899525999703e+04
5.798790944958000182e+04
5.798790990459000022e+04
5.798791035520999867e+04
5.798791080710000097e+04
5.798791126338000322e+04
5.798791172152000217e+04
5.798791217665000295e+04
5.798791262645000097e+04
5.798791307683999912e+04
5.798791354770999897e+04
5.798791400052000245e+04
5.798791446131999692e+04
5.798791491772999871e+04
5.798791537470999901e+04
5.798791583191999962e+04
5.798791628599999967e+04
5.798791674310000235e+04
5.798791720181999699e+04
5.798791765498000314e+04
