5.798489880680000351e+04
5.798489926435999951e+04
5.798489971972000058e+04
5.798490017321999767e+04
5.798490062708000187e+04
5.798490107490999799e+04
5.798490153014999669e+04
5.798490198447000148e+04
5.798490243693999946e+04
5.798490289322000172e+04
5.798490334579999762e+04
5.798490380346999882e+04
5.798490425813999900e+04
5.798490471385000274e+04
5.798490516909000144e+04
5.798490562422000221e+04
5.798490607876000286e+04
5.798490653585999826e+04
5.798490699157000199e+04
5.798490744426000310e+04
5.798490789950999897e+04
