5.798290998399000091e+04
5.798291044074000092e+04
5.798291089238999848e+04
5.798291134404000331e+04
5.798291179754999757e+04
5.798291225349000160e+04
5.798291270745999645e+04
5.798291316386000108e+04
5.798291361956999754e+04
5.798291407376999996e+04
5.798291452936000132e+04
5.798291498413999943e+04
5.798291543683000054e+04
5.798291589091999776e+04
5.798291634535000048e+04
5.798291679701000248e+04
5.798291724807999708e+04
5.798291770181999891e+04
5.798291815648999909e+04
5.798291860907000228e+04
5.798291906511999696e+04
