5.798690820217999863e+04
5.798690865220999694e+04
5.798690910584000085e+04
5.798690955864999705e+04
5.798691001343000244e+04
5.798691046543999983e+04
5.798691091987000254e+04
5.798691137187000277e+04
5.798691182631000265e+04
5.798691227911999886e+04
5.798691273309000098e+04
5.798691318601999956e+04
5.798691363999000168e+04
5.798691409071999806e+04
5.798691454376999900e+04
5.798691499831999681e+04
5.798691545020999911e+04
5.798691590187000111e+04
5.798691635618000146e+04
5.798691680806999648e+04
5.798691726596999797e+04
