5.798187555389999761e+04
5.798187600694000139e+04
5.798187645570000313e+04
5.798187690989999828e+04
5.798187736051999673e+04
5.798187781656999869e+04
5.798187827031000052e+04
5.798187872683000023e+04
5.798187918404000084e+04
5.798187963627000136e+04
5.798188009209000302e+04
5.798188055485999939e+04
5.798188101009999809e+04
5.798188146430000052e+04
5.798188192094000260e+04
5.798188237559999834e+04
5.798188282807000360e+04
5.798188328087999980e+04
5.798188373462000163e+04
5.798188418904999708e+04
5.798188464198000293e+04
