5.798385246139000083e+04
5.798385291003000020e+04
5.798385336005999852e+04
5.798385381067999697e+04
5.798385426407000341e+04
5.798385471931000211e+04
5.798385517709999840e+04
5.798385563142000319e+04
5.798385608435000177e+04
5.798385653889999958e+04
5.798385699297999963e+04
5.798385744718000205e+04
5.798385790114999691e+04
5.798385835478000081e+04
5.798385880758999701e+04
5.798385926017000020e+04
5.798385971147999953e+04
5.798386016532999929e+04
5.798386062150000362e+04
5.798386107397000160e+04
5.798386152828000195e+04
