5.798989365859999816e+04
5.798989411338000355e+04
5.798989457116999984e+04
5.798989502640999854e+04
5.798989549103000172e+04
5.798989594650000072e+04
5.798989640232999955e+04
5.798989685420999740e+04
5.798989730759999657e+04
5.798989776389000326e+04
5.798989821993999794e+04
5.798989867714999855e+04
5.798989913181999873e+04
5.798989958822000335e+04
5.798990004439000040e+04
5.798990049639000063e+04
5.798990095104999637e+04
5.798990140329000133e+04
5.798990185575000214e+04
5.798990230937000160e+04
5.798990276530999836e+04
