5.798588578820000112e+04
5.798588624402999994e+04
5.798588669787000254e+04
5.798588714826000069e+04
5.798588759990999824e+04
5.798588805306999711e+04
5.798588850357000047e+04
5.798588895777000289e+04
5.798588941498000349e+04
5.798588986999000190e+04
5.798589032292000047e+04
5.798589077885999723e+04
5.798589123005000147e+04
5.798589168251999945e+04
5.798589213348000339e+04
5.798589258525000332e+04
5.798589303782999923e+04
5.798589349306999793e+04
5.798589394727000035e+04
5.798589439799999673e+04
5.798589486238999962e+04
