5.798887848834000033e+04
5.798887894404999679e+04
5.798887940034000349e+04
5.798887985627000307e+04
5.798888030643000093e+04
5.798888075796000339e+04
5.798888122581999778e+04
5.798888167747999978e+04
5.798888212727999780e+04
5.798888258101999963e+04
5.798888303835000261e+04
5.798888349556000321e+04
5.798888394872000208e+04
5.798888440385000285e+04
5.798888485724000202e+04
5.798888531178999983e+04
5.798888576748999913e+04
5.798888622274000227e+04
5.798888667600999906e+04
5.798888712674000271e+04
5.798888757875000010e+04
