5.798090421549999883e+04
5.798090466900000320e+04
5.798090511995999987e+04
5.798090557242999785e+04
5.798090602789999684e+04
5.798090648419000354e+04
5.798090693630999885e+04
5.798090739293999650e+04
5.798090784633000294e+04
5.798090829983999720e+04
5.798090875681000034e+04
5.798090921019999951e+04
5.798090966348000075e+04
5.798091011779999826e+04
5.798091056782999658e+04
5.798091102249999676e+04
5.798091147774000274e+04
5.798091193090000161e+04
5.798091238486999646e+04
5.798091284184999677e+04
5.798091329419999965e+04
