5.799289125608999893e+04
5.799289171016999899e+04
5.799289216553000006e+04
5.799289261812000041e+04
5.799289307589999953e+04
5.799289352813999722e+04
5.799289397967999685e+04
5.799289443259999825e+04
5.799289488623000216e+04
5.799289534273999743e+04
5.799289579555999808e+04
5.799289624814000126e+04
5.799289670117999776e+04
5.799289715271999739e+04
5.799289760206000210e+04
5.799289805267000338e+04
5.799289850896000280e+04
5.799289896571000281e+04
5.799289941677999741e+04
5.799289987028999894e+04
5.799290032251999946e+04
