5.799189598934999958e+04
5.799189644540999871e+04
5.799189690631999838e+04
5.799189735867000127e+04
5.799189780939999764e+04
5.799189826486999664e+04
5.799189872022999771e+04
5.799189917524000339e+04
5.799189963094999985e+04
5.799190008213999681e+04
5.799190053865999653e+04
5.799190099354999984e+04
5.799190144798999972e+04
5.799190189906000160e+04
5.799190235302999645e+04
5.799190280827999959e+04
5.799190326200999698e+04
5.799190371736999805e+04
5.799190417295999941e+04
5.799190462601000036e+04
5.799190507881999656e+04
