5.800380205756999931e+04
5.800380252404000203e+04
5.800380297846999747e+04
5.800380343197999900e+04
5.800380388536999817e+04
5.800380433679000271e+04
5.800380478856999980e+04
5.800380524334000074e+04
5.800380569893999927e+04
5.800380615568999929e+04
5.800380660617999820e+04
5.800380705968999973e+04
5.800380751168999996e+04
5.800380796623999777e+04
5.800380841512000188e+04
5.800380886630999885e+04
5.800380932652999763e+04
5.800380978501999925e+04
5.800381023955999990e+04
5.800381069006000325e+04
5.800381114566000178e+04
