5.800175416548999783e+04
5.800175462118999712e+04
5.800175507759999891e+04
5.800175553678000142e+04
5.800175599097999657e+04
5.800175644576000195e+04
5.800175689879999845e+04
5.800175735104000341e+04
5.800175780523999856e+04
5.800175825515999895e+04
5.800175871770000231e+04
5.800175917225000012e+04
5.800175962540999899e+04
5.800176007625000057e+04
5.800176053079999838e+04
5.800176098094999907e+04
5.800176143364999734e+04
5.800176188530999934e+04
5.800176234067000041e+04
5.800176279821999924e+04
5.800176324942000065e+04
