5.800786460539000109e+04
5.800786505959000351e+04
5.800786551124999824e+04
5.800786596463999740e+04
5.800786641942000279e+04
5.800786687304000225e+04
5.800786732561999816e+04
5.800786778885000240e+04
5.800786824352000258e+04
5.800786869643999671e+04
5.800786915156999748e+04
5.800786960171999817e+04
5.800787005592000060e+04
5.800787051013000018e+04
5.800787096536999888e+04
5.800787142154000321e+04
5.800787187331000314e+04
5.800787232971000049e+04
5.800787277939000342e+04
5.800787323509999987e+04
5.800787368848999904e+04
5.800787517077999655e+04
5.800787562718000117e+04
5.800787608183999691e+04
5.800787653570000111e+04
5.800787699117999728e+04
5.800787744699999894e+04
5.800787789887999679e+04
5.800787835076999909e+04
5.800787880705000134e+04
5.800787926380000135e+04
5.800787971777000348e+04
5.800788016780000180e+04
5.800788062188999902e+04
5.800788107678999950e+04
5.800788153364999744e+04
