5.800481754501999967e+04
5.800481800176999968e+04
5.800481845631999749e+04
5.800481891306000034e+04
5.800481936899999710e+04
5.800481982227999833e+04
5.800482028041000012e+04
5.800482073819999641e+04
5.800482119344999956e+04
5.800482164881000062e+04
5.800482210936999763e+04
5.800482256542999676e+04
5.800482302437000180e+04
5.800482347856999695e+04
5.800482392884000001e+04
5.800482438512999943e+04
5.800482483933000185e+04
5.800482529503000114e+04
5.800482574947000103e+04
5.800482620458999736e+04
5.800482666169000004e+04
