5.801779846764000104e+04
5.801779892056999961e+04
5.801779937418999907e+04
5.801779982734999794e+04
5.801780027818999952e+04
5.801780073273999733e+04
5.801780118313000276e+04
5.801780163639999955e+04
5.801780209350000223e+04
5.801780255267999746e+04
5.801780300179000187e+04
5.801780345331999706e+04
5.801780390857000020e+04
5.801780436231000203e+04
5.801780481454000255e+04
5.801780526539000130e+04
5.801780572212999687e+04
5.801780617494999751e+04
5.801780662440000015e+04
5.801780708079999749e+04
5.801780754136999894e+04
