5.801983854990999680e+04
5.801983900574000290e+04
5.801983946352999919e+04
5.801983991286999662e+04
5.801984037679000176e+04
5.801984082822000346e+04
5.801984128508000140e+04
5.801984174078999786e+04
5.801984219869999652e+04
5.801984265312999923e+04
5.801984310710000136e+04
5.801984356372999900e+04
5.801984401642999728e+04
5.801984447294999700e+04
5.801984492494999722e+04
5.801984537881000142e+04
5.801984583197000029e+04
5.801984628292999696e+04
5.801984673551000014e+04
5.801984718786000303e+04
5.801984763858999941e+04
