5.801685410735000187e+04
5.801685455899999943e+04
5.801685501100999682e+04
5.801685547134999797e+04
5.801685592334999819e+04
5.801685637639000197e+04
5.801685683129000245e+04
5.801685728353000013e+04
5.801685773819000315e+04
5.801685819436000020e+04
5.801685864394000237e+04
5.801685910044999764e+04
5.801685955280000053e+04
5.801686000515000342e+04
5.801686046004999662e+04
5.801686091401999875e+04
5.801686136811000324e+04
5.801686182173000270e+04
5.801686227142000280e+04
5.801686272538999765e+04
5.801686318018000020e+04
