5.801285983287999989e+04
5.801286028221999732e+04
5.801286073896999733e+04
5.801286118795999937e+04
5.801286164321000251e+04
5.801286209822000092e+04
5.801286254825999640e+04
5.801286300014000153e+04
5.801286345006999909e+04
5.801286390507999749e+04
5.801286435581000114e+04
5.801286481302000175e+04
5.801286526572000002e+04
5.801286571633000131e+04
5.801286616833000153e+04
5.801286662241999875e+04
5.801286707813000248e+04
5.801286753209999733e+04
5.801286798722999811e+04
5.801286843657000281e+04
5.801286889147000329e+04
