5.801376886456999637e+04
5.801376931784999761e+04
5.801376977078000346e+04
5.801377022232000309e+04
5.801377068241999950e+04
5.801377113500000269e+04
5.801377159152000240e+04
5.801377204214000085e+04
5.801377249910999672e+04
5.801377295551000134e+04
5.801377341157000046e+04
5.801378214222999668e+04
5.801378259665999940e+04
5.801378305132999958e+04
5.801378351028000179e+04
5.801378396238999994e+04
5.801378441613000177e+04
5.801378486801999679e+04
5.801378532026000175e+04
5.801378577249000227e+04
5.801378622680999979e+04
5.801378670856000099e+04
5.801378716148999956e+04
5.801378761615000258e+04
5.801378806908000115e+04
