5.801178862123999716e+04
5.801178929362999770e+04
5.801178975060999801e+04
5.801179020168999705e+04
5.801179065160999744e+04
5.801179110373000003e+04
5.801179155978000199e+04
5.801179201096999896e+04
5.801179246055000112e+04
5.801179291532999923e+04
5.801179336720999709e+04
5.801179382107000129e+04
5.801179427225999825e+04
5.801179472368000279e+04
5.801179518413999904e+04
5.801179563416999736e+04
5.801179608836999978e+04
5.801179653862999839e+04
5.801179699306999828e+04
5.801179744483999821e+04
5.801179790610000055e+04
