5.802970125107999775e+04
5.802970171267999831e+04
5.802970216770000116e+04
5.802970262119999825e+04
5.802970307771999796e+04
5.802970353318999696e+04
5.802970398705000116e+04
5.802970444170999690e+04
5.802970489834000182e+04
5.802970535497999663e+04
5.802970580963999964e+04
5.802970626037000329e+04
5.802970671225000115e+04
5.802970716702999925e+04
5.802970762390000164e+04
5.802970807497000351e+04
5.802970852675000060e+04
5.802970898186999693e+04
5.802970943571999669e+04
5.802970988958000089e+04
5.802971034944999701e+04
