5.802575636341000063e+04
5.802575681448999967e+04
5.802575726833999943e+04
5.802575772265999694e+04
5.802575817349999852e+04
5.802575862539000082e+04
5.802575907751000341e+04
5.802575953078000020e+04
5.802575998648999666e+04
5.802576043757000298e+04
5.802576088829999935e+04
5.802576134145999822e+04
5.802576180236999789e+04
5.802576226478999888e+04
5.802576271817999805e+04
5.802576317933000246e+04
5.802576363388000027e+04
5.802576408415000333e+04
5.802576453557000059e+04
5.802576498664999963e+04
5.802576543911000044e+04
