5.802087843925999914e+04
5.802087888999000279e+04
5.802087933922000229e+04
5.802087979133999761e+04
5.802088024692999898e+04
5.802088071502000093e+04
5.802088117177000095e+04
5.802088162226999702e+04
5.802088207774000330e+04
5.802088252823999937e+04
5.802088297874000273e+04
5.802088342992999969e+04
5.802088388518000284e+04
5.802088433729999815e+04
5.802088479022999672e+04
5.802088524385000346e+04
5.802088570025000081e+04
5.802088615318999655e+04
5.802088660507000168e+04
5.802088705463999941e+04
5.802088750468000217e+04
