5.802773480348999874e+04
5.802773525826999685e+04
5.802773570946000109e+04
5.802773616608999873e+04
5.802773662098999921e+04
5.802773707137000019e+04
5.802773752417999640e+04
5.802773798671999975e+04
5.802773844103000010e+04
5.802773889303000033e+04
5.802773934295000072e+04
5.802773979564999900e+04
5.802774025170000095e+04
5.802774070498000219e+04
5.802774115791000077e+04
5.802774161025999638e+04
5.802774206203000358e+04
5.802774251425999682e+04
5.802774296835000132e+04
5.802774342474999867e+04
5.802774387664000096e+04
5.802777082882000104e+04
5.802777128303000063e+04
5.802777173837999726e+04
5.802777219224000146e+04
5.802777264643999661e+04
5.802777310040999873e+04
5.802777357579999807e+04
5.802777402560000337e+04
5.802777448061000177e+04
5.802777493354000035e+04
5.802777538936000201e+04
5.802777584124999703e+04
5.802777629591000004e+04
5.802777675196000200e+04
5.802777720142000180e+04
5.802777765445999830e+04
5.802777811202000157e+04
5.802777858114999981e+04
5.802777903397000046e+04
5.802777950240999780e+04
5.802777995904000272e+04
