5.802871170857999823e+04
5.802871216185000230e+04
5.802871261234999838e+04
5.802871306770999945e+04
5.802871352502999798e+04
5.802871397576000163e+04
5.802871444640000118e+04
5.802871489655000187e+04
5.802871534588999930e+04
5.802871579603999999e+04
5.802871624654000334e+04
5.802871669970000221e+04
5.802871715424000286e+04
5.802871760914000333e+04
5.802871806379999907e+04
5.802871851718999824e+04
5.802871897082000214e+04
5.802871942085000046e+04
5.802871987342999637e+04
5.802872032323000167e+04
5.802872077985999931e+04
