5.802269897882000078e+04
5.802269943048000277e+04
5.802269988341000135e+04
5.802270035554999777e+04
5.802270080882999900e+04
5.802270125956000265e+04
5.802270171341999958e+04
5.802270216819999769e+04
5.802270262250999804e+04
5.802270307671999763e+04
5.802270353253999929e+04
5.802270398720999947e+04
5.802270444221999787e+04
5.802270489595999970e+04
5.802270534575999773e+04
5.802270580008000252e+04
5.802270896527000150e+04
5.802270941634000337e+04
5.802270987112000148e+04
5.802271032266000111e+04
5.802271077350999985e+04
