5.803669014513999718e+04
5.803669059413999639e+04
5.803669105031000072e+04
5.803669150346000242e+04
5.803669195742999727e+04
5.803669241278999834e+04
5.803669286571999692e+04
5.803669332269999722e+04
5.803669377458999952e+04
5.803669422820999898e+04
5.803669468182999844e+04
5.803669513592000294e+04
5.803669558965999749e+04
5.803669604617000005e+04
5.803669650071999786e+04
5.803669695261000015e+04
5.803669740599999932e+04
5.803669785545999912e+04
5.803669831290000002e+04
5.803669876733000274e+04
5.803669922431000305e+04
