5.803167960355999821e+04
5.803168005706000258e+04
5.803168051138000010e+04
5.803168096802000218e+04
5.803168142280000029e+04
5.803168187665000005e+04
5.803168233178000082e+04
5.803168278273999749e+04
5.803168323427999712e+04
5.803168368791000103e+04
5.803168414222000138e+04
5.803168459538000025e+04
5.803168504982000013e+04
5.803168550356000196e+04
5.803168596689999686e+04
5.803168642110999645e+04
5.803168687692999811e+04
5.803168733113000053e+04
5.803168778336999821e+04
5.803168823860999692e+04
5.803168869327999710e+04
