5.803469337169000210e+04
5.803469382634999783e+04
5.803469427765999717e+04
5.803469473255999765e+04
5.803469521684999927e+04
5.803469567071000347e+04
5.803469612236000103e+04
5.803469657657000062e+04
5.803469703239000228e+04
5.803469748231000267e+04
5.803469793871000002e+04
5.803469839627000329e+04
5.803469884897000156e+04
5.803469930236000073e+04
5.803469975390000036e+04
5.803470020554999792e+04
5.803470065870999679e+04
5.803470111372000247e+04
5.803470156770000176e+04
5.803470201947000169e+04
5.803470247343999654e+04
