5.803984110022999812e+04
5.803984155871000257e+04
5.803984202147999895e+04
5.803984247625999706e+04
5.803984293045999948e+04
5.803984440290999919e+04
5.803984485699999641e+04
5.803984531096999854e+04
5.803984576019000087e+04
5.803984621404999780e+04
5.803984666350000043e+04
5.803984711678000167e+04
5.803984757143999741e+04
5.803984802530000161e+04
5.803984847984999942e+04
5.803984892987999774e+04
5.803984938511999644e+04
5.803984983978999662e+04
5.803985029352999845e+04
5.803985074529999838e+04
5.803985119937999843e+04
