5.803269206870999915e+04
5.803269252278999920e+04
5.803269297560999985e+04
5.803269342910999694e+04
5.803269388320000144e+04
5.803269433728999866e+04
5.803269478708999668e+04
5.803269524290999834e+04
5.803269569734000106e+04
5.803269616046000010e+04
5.803269661407999956e+04
5.803269706271999894e+04
5.803269751715999882e+04
5.803269797518000269e+04
5.803269842521000101e+04
5.803269888276999700e+04
5.803269933524000226e+04
5.803269978932000231e+04
5.803270024248000118e+04
5.803270069425000111e+04
5.803270115077000082e+04
