5.803569836447999842e+04
5.803569882063999830e+04
5.803569927599999937e+04
5.803569973125000251e+04
5.803570018788000016e+04
5.803570064334999915e+04
5.803570110032999946e+04
5.803570155707999947e+04
5.803570200954999746e+04
5.803570246688000043e+04
5.803570292073000019e+04
5.803570337168999686e+04
5.803570382727999822e+04
5.803570427673999802e+04
5.803570473163000133e+04
5.803570518699000240e+04
5.803570564095999725e+04
5.803570609585999773e+04
5.803570655052000075e+04
5.803570700195000245e+04
5.803570746610000060e+04
