5.803369416107000143e+04
5.803369461110999691e+04
5.803369506184000056e+04
5.803369551256999694e+04
5.803369596920000185e+04
5.803369642131999717e+04
5.803369687841999985e+04
5.803369733239000197e+04
5.803369779156999721e+04
5.803369824751000124e+04
5.803369870148000336e+04
5.803369915313000092e+04
5.803369960698999785e+04
5.803370006026000192e+04
5.803370051180000155e+04
5.803370096578000084e+04
5.803370141696999781e+04
5.803370187058999727e+04
5.803370232004999707e+04
5.803370277298000292e+04
5.803370322313000361e+04
