5.804868677539000055e+04
5.804868722600000183e+04
5.804868767928000307e+04
5.804868813221000164e+04
5.804868858467000246e+04
5.804868903493999824e+04
5.804868949840000278e+04
5.804868994763000228e+04
5.804869040877999942e+04
5.804869086077999964e+04
5.804869131509999715e+04
5.804869177404999937e+04
5.804869222882999748e+04
5.804869268071999977e+04
5.804869313190999674e+04
5.804869359016000089e+04
5.804869404216999828e+04
5.804869449544000236e+04
5.804869495183999970e+04
5.804869540316000348e+04
5.804869585435000045e+04
