5.804670419568999932e+04
5.804670465105000039e+04
5.804670510571000341e+04
5.804670555656000215e+04
5.804670602048999717e+04
5.804670648336999875e+04
5.804670693698999821e+04
5.804670740949000174e+04
5.804670786450000014e+04
5.804670833547999791e+04
5.804670879316000355e+04
5.804670924412000022e+04
5.804670969311999943e+04
5.804671015253000223e+04
5.804671060394999949e+04
5.804671106092999980e+04
5.804671151362999808e+04
5.804671196516999771e+04
5.804671242122999683e+04
5.804671287439000298e+04
5.804671332488999906e+04
