5.804467742993000138e+04
5.804467788134999864e+04
5.804467833334999887e+04
5.804467878791000112e+04
5.804467924499999936e+04
5.804467969643000106e+04
5.804468015179000213e+04
5.804468060171000252e+04
5.804468105474999902e+04
5.804468151092000335e+04
5.804468196188000002e+04
5.804468241793999914e+04
5.804468287433999649e+04
5.804468332437999925e+04
5.804468377614999918e+04
5.804468423672000063e+04
5.804468468836999818e+04
5.804468514200000209e+04
5.804468559608000214e+04
5.804468604739000148e+04
5.804468650471999717e+04
5.804468763813999976e+04
5.804468809129999863e+04
5.804468854342000122e+04
5.804468899855000200e+04
5.804468945309999981e+04
5.804468990314000257e+04
5.804469035329000326e+04
5.804469080887999735e+04
5.804469127188000130e+04
5.804469173012999818e+04
5.804469218525999895e+04
5.804469263795999723e+04
5.804469309423999948e+04
5.804469355042000097e+04
5.804469402244000230e+04
5.804469447837999905e+04
5.804469495052999991e+04
5.804469540473000234e+04
5.804469585499999812e+04
5.804469630688000325e+04
5.804469676015999721e+04
