5.804965819937000197e+04
5.804965865253000084e+04
5.804965910846999759e+04
5.804965956140000344e+04
5.804966001826000138e+04
5.804966046875999746e+04
5.804966092075999768e+04
5.804966137449999951e+04
5.804966182696999749e+04
5.804966228116999991e+04
5.804966273571999773e+04
5.804966319479000231e+04
5.804966364852999686e+04
5.804966410121999797e+04
5.804966455080000014e+04
5.804966501229000278e+04
5.804966547043000173e+04
5.804966592035000212e+04
5.804966637582999829e+04
5.804966683431000274e+04
5.804966728493000119e+04
