5.804575444527999935e+04
5.804575489692999690e+04
5.804575534627999878e+04
5.804575580094000179e+04
5.804575625561000197e+04
5.804575671049999801e+04
5.804575716064999870e+04
5.804575761126999714e+04
5.804575806177000050e+04
5.804575851875000080e+04
5.804575897226000234e+04
5.804575942195000243e+04
5.804575987452999834e+04
5.804576032919000136e+04
5.804576078201000200e+04
5.804576123668000218e+04
5.804576168914000300e+04
5.804576214287999755e+04
5.804576259731999744e+04
5.804576304758000333e+04
5.804576350444999844e+04
