5.804373852048000117e+04
5.804373897189999843e+04
5.804373942135999823e+04
5.804373987648999901e+04
5.804374032779000117e+04
5.804374077968000347e+04
5.804374123122000310e+04
5.804374168217999977e+04
5.804374213325999881e+04
5.804374258712000301e+04
5.804374303912000323e+04
5.804374349541000265e+04
5.804374395204000029e+04
5.804374441595999815e+04
5.804374486692999926e+04
5.804374532216999796e+04
5.804374577498000144e+04
5.804374622849000298e+04
5.804374668050000037e+04
5.804374713088000135e+04
5.804374758439000288e+04
