5.805883439073000045e+04
5.805883484666999721e+04
5.805883529971000098e+04
5.805883575310000015e+04
5.805883621321000101e+04
5.805883666809999704e+04
5.805883711986999697e+04
5.805883757442000206e+04
5.805883802873999957e+04
5.805883848178000335e+04
5.805883894188999693e+04
5.805883939354000177e+04
5.805883985029000178e+04
5.805884030506999989e+04
5.805884075822999876e+04
5.805884121081000194e+04
5.805884166687000106e+04
5.805884211643999879e+04
5.805884256843999901e+04
5.805884302367999771e+04
5.805884347764999984e+04
