5.805165606873000070e+04
5.805165651898999931e+04
5.805165697227000055e+04
5.805165743076000217e+04
5.805165788032999990e+04
5.805165833453000232e+04
5.805165878897000221e+04
5.805165924478999659e+04
5.805165969587000291e+04
5.805166014983999776e+04
5.805166060485000344e+04
5.805166105522999715e+04
5.805166151256000012e+04
5.805166196653000225e+04
5.805166241876999993e+04
5.805166287089000252e+04
5.805166332033999788e+04
5.805166377048999857e+04
5.805166422330999922e+04
5.805166467484999885e+04
5.805166512697000144e+04
