5.805682496168000216e+04
5.805682541517999925e+04
5.805682586764000007e+04
5.805682632010999805e+04
5.805682677569999942e+04
5.805682722734999697e+04
5.805682767877999868e+04
5.805682813401999738e+04
5.805682859181000094e+04
5.805682904704999964e+04
5.805682950205999805e+04
5.805682995290999679e+04
5.805683040849999816e+04
5.805683086478000041e+04
5.805683131898000283e+04
5.805683177271999739e+04
5.805683222738999757e+04
5.805683268574999965e+04
5.805683314052999776e+04
5.805683359160999680e+04
5.805683404858999711e+04
