5.805064096104999771e+04
5.805064141468000162e+04
5.805064186483000231e+04
5.805064231868000206e+04
5.805064277150000271e+04
5.805064322731999710e+04
5.805064367653999943e+04
5.805064412866999919e+04
5.805064458043999912e+04
5.805064503279000201e+04
5.805064548572000058e+04
5.805064594131000194e+04
5.805064639550999709e+04
5.805064684727999702e+04
5.805064729893999902e+04
5.805064775511000335e+04
5.805064820850000251e+04
5.805064866292999795e+04
5.805064911597999890e+04
5.805064956682000047e+04
5.805065002252999693e+04
