5.805779144492000341e+04
5.805779189959000360e+04
5.805779235088999849e+04
5.805779280150999693e+04
5.805779325512999640e+04
5.805779370747999928e+04
5.805779415855000116e+04
5.805779461252000328e+04
5.805779506707000110e+04
5.805779552254999726e+04
5.805779597849000129e+04
5.805779643082999974e+04
5.805779688283999712e+04
5.805779733947000204e+04
5.805779779204999795e+04
5.805779824486000143e+04
5.805779869928999688e+04
5.805779915372999676e+04
5.805779961105000257e+04
5.805780006652999873e+04
5.805780052640000213e+04
