5.806183370899999863e+04
5.806183417072000157e+04
5.806183462215000327e+04
5.806183507449999888e+04
5.806183552926999982e+04
5.806183598568000161e+04
5.806183643512999697e+04
5.806183689071999834e+04
5.806183734422999987e+04
5.806183779669000069e+04
5.806183825436999905e+04
5.806183870844999910e+04
5.806183915942000021e+04
5.806183961326999997e+04
5.806184006735000003e+04
5.806184052132000215e+04
5.806184097540999937e+04
5.806184142995999719e+04
5.806184187917999952e+04
5.806184233281000343e+04
5.806184278736000124e+04
