5.806385235513999942e+04
5.806385280644999875e+04
5.806385326355000143e+04
5.806385371578000195e+04
5.806385416698000336e+04
5.806385462292000011e+04
5.806385507525999856e+04
5.806385552866000216e+04
5.806385598112000298e+04
5.806385643336000066e+04
5.806385688397000195e+04
5.806385734003000107e+04
5.806385778890000074e+04
5.806385824126000080e+04
5.806385869349000131e+04
5.806385914490999858e+04
5.806385959923000337e+04
5.806386004985000181e+04
5.806386051423999743e+04
5.806386097318000247e+04
5.806386142542000016e+04
