5.806772480137999810e+04
5.806772525383999891e+04
5.806772570585000358e+04
5.806772619013999793e+04
5.806772664272999828e+04
5.806772709508000116e+04
5.806772754973999690e+04
5.806772800591000123e+04
5.806772845942000276e+04
5.806772891432000324e+04
5.806772936609000317e+04
5.806772981971999980e+04
5.806773027264000120e+04
5.806773072603999753e+04
5.806773117584000283e+04
5.806773162621999654e+04
5.806773208018999867e+04
5.806773253554999974e+04
5.806773298847999831e+04
5.806773344188000192e+04
5.806773389260999829e+04
