5.806084984760000225e+04
5.806085030387999723e+04
5.806085077034999995e+04
5.806085122132000106e+04
5.806085167737000302e+04
5.806085213053000189e+04
5.806085258762000012e+04
5.806085303951000242e+04
5.806085348989000340e+04
5.806085394490999897e+04
5.806085439783000038e+04
5.806085485481000069e+04
5.806085530912999820e+04
5.806085576391000359e+04
5.806085621718999755e+04
5.806085667359000217e+04
5.806085712675000104e+04
5.806085757898000156e+04
5.806085803294999641e+04
5.806085848414000066e+04
5.806085893868999847e+04
