5.807769724657000188e+04
5.807769770239000354e+04
5.807769815671000106e+04
5.807769861264000065e+04
5.807769906510999863e+04
5.807769951710999885e+04
5.807769996645000356e+04
5.807770041556000069e+04
5.807770087264999893e+04
5.807770132696999644e+04
5.807770178221000242e+04
5.807770223606999934e+04
5.807770268968999881e+04
5.807770314551000047e+04
5.807770359705000010e+04
5.807770404892999795e+04
5.807770449861999805e+04
5.807770495051000034e+04
5.807770540471000277e+04
5.807770585566999944e+04
5.807770631056999991e+04
