5.807265230739000253e+04
5.807265275904000009e+04
5.807265321162000328e+04
5.807265366373999859e+04
5.807265411609000148e+04
5.807265456763000111e+04
5.807265501824999956e+04
5.807265547441999661e+04
5.807265592815999844e+04
5.807265637843000150e+04
5.807265683320999960e+04
5.807265728613999818e+04
5.807265774080000119e+04
5.807265819408000243e+04
5.807265865083000244e+04
5.807265911185999721e+04
5.807265958389000298e+04
5.807266003613000066e+04
5.807266049172000203e+04
5.807266095043999667e+04
5.807266140024000197e+04
