5.807663365391000116e+04
5.807663411482999800e+04
5.807663457169000321e+04
5.807663502380999853e+04
5.807663548299000104e+04
5.807663593591999961e+04
5.807663639254999725e+04
5.807663684616999672e+04
5.807663730234000104e+04
5.807663775642999826e+04
5.807663820901000145e+04
5.807663866309000150e+04
5.807663911915000062e+04
5.807663957358000334e+04
5.807664002720000281e+04
5.807664047769999888e+04
5.807664093398000114e+04
5.807664138795000326e+04
5.807664184157000273e+04
5.807664229740000155e+04
5.807664275390999683e+04
