5.807069136258000071e+04
5.807069181655000284e+04
5.807069226704999892e+04
5.807069272970000020e+04
5.807069318737999856e+04
5.807069365767000272e+04
5.807069411175999994e+04
5.807069456457000342e+04
5.807069501519000187e+04
5.807069546892999642e+04
5.807069591953999770e+04
5.807069637258999865e+04
5.807069682343000022e+04
5.807069727845000307e+04
5.807069773277000058e+04
5.807069818441999814e+04
5.807069863595999777e+04
5.807069909283000015e+04
5.807069954749000317e+04
5.807070000122999772e+04
5.807070045370000298e+04
