5.807855518732000201e+04
5.807855563838999660e+04
5.807855609410000034e+04
5.807855655038000259e+04
5.807855700677999994e+04
5.807855746006000118e+04
5.807855791611000313e+04
5.807855836730000010e+04
5.807855882220000058e+04
5.807855927489000169e+04
5.807855973175999679e+04
5.807856018595999922e+04
5.807856063621999783e+04
5.807856109262999962e+04
5.807856154647999938e+04
5.807856199755999842e+04
5.807856244898000296e+04
5.807856290515000001e+04
5.807856335830999888e+04
5.807856381864000286e+04
5.807856427354000334e+04
