5.807556013006000285e+04
5.807556058206000307e+04
5.807556103499000164e+04
5.807556148606000352e+04
5.807556193737000285e+04
5.807556239053000172e+04
5.807556284612000309e+04
5.807556329476999963e+04
5.807556374689000222e+04
5.807556420896000054e+04
5.807556465980000212e+04
5.807556511376999697e+04
5.807556556391999766e+04
5.807556601604000025e+04
5.807556646781000018e+04
5.807556692073999875e+04
5.807556737296999927e+04
5.807556782463000127e+04
5.807556827953000175e+04
5.807556873441999778e+04
5.807556918492000113e+04
