5.807384340327000245e+04
5.807384385689000192e+04
5.807384430866999901e+04
5.807384476264000114e+04
5.807384521441000106e+04
5.807384566479000205e+04
5.807384612350999669e+04
5.807384657701999822e+04
5.807384703109999828e+04
5.807384748357000353e+04
5.807384793801000342e+04
5.807384839058999933e+04
5.807384884317000251e+04
5.807384929389999888e+04
5.807384974925999995e+04
5.807385020323000208e+04
5.807385065639000095e+04
5.807385110931999952e+04
5.807385156085999915e+04
5.807385201414000039e+04
5.807385247007999715e+04
