5.807164244696999958e+04
5.807164290104999964e+04
5.807164335189999838e+04
5.807164380610000080e+04
5.807164425764000043e+04
5.807164471729000070e+04
5.807164517496000190e+04
5.807164563194000220e+04
5.807164608567999676e+04
5.807164653571999952e+04
5.807164699062000000e+04
5.807164745117999701e+04
5.807164790468999854e+04
5.807164835530999699e+04
5.807164881102000072e+04
5.807164927308999904e+04
5.807164973042000202e+04
5.807165018022000004e+04
5.807165063360999920e+04
5.807165108815999702e+04
5.807165154399000312e+04
