5.807969446426999639e+04
5.807969491777999792e+04
5.807969536851000157e+04
5.807969581923000078e+04
5.807969627587000286e+04
5.807969672670999717e+04
5.807969718252999883e+04
5.807969763314999727e+04
5.807969808863000071e+04
5.807969854166999721e+04
5.807969900072999735e+04
5.807969945110999834e+04
5.807969990300000063e+04
5.807970035674000246e+04
5.807970081047999702e+04
5.807970126988999982e+04
5.807970171957999992e+04
5.807970217586000217e+04
5.807970262868000282e+04
5.807970307917999889e+04
5.807970353025000077e+04
