5.807458952791999764e+04
5.807458998085000349e+04
5.807459043227999791e+04
5.807459088879999763e+04
5.807459134474000166e+04
5.807459179581000353e+04
5.807459225336999953e+04
5.807459270700000343e+04
5.807459315760999743e+04
5.807459361180999986e+04
5.807459406196000054e+04
5.807459451326999988e+04
5.807459496562999993e+04
5.807459541727999749e+04
5.807459587519000343e+04
5.807459632615000010e+04
5.807459677722999913e+04
5.807459724496999843e+04
5.807459769837000204e+04
5.807459815315000014e+04
5.807459860573000333e+04
