5.808060413605999929e+04
5.808060458713999833e+04
5.808060504134000075e+04
5.808060549334000098e+04
5.808060594662000221e+04
5.808060640337000223e+04
5.808060685710999678e+04
5.808060731338999904e+04
5.808060776517000340e+04
5.808060822701000143e+04
5.808060867958999734e+04
5.808060913160000200e+04
5.808060958556999685e+04
5.808061003688000346e+04
5.808061049397000170e+04
5.808061095223000302e+04
5.808061141579999821e+04
5.808061186815000110e+04
5.808061231784000120e+04
5.808061277053999947e+04
5.808061322243000177e+04
