5.808156890618000034e+04
5.808156936062000023e+04
5.808156981297000311e+04
5.808157026184999995e+04
5.808157071223000094e+04
5.808157116480999684e+04
5.808157161923999956e+04
5.808157206962999771e+04
5.808157252464000339e+04
5.808157297549000214e+04
5.808157342875999893e+04
5.808157388214999810e+04
5.808157433635999769e+04
5.808157479066999804e+04
5.808157524997000291e+04
5.808157570162000047e+04
5.808157615641000302e+04
5.808157660621000105e+04
5.808157706214999780e+04
5.808157751542999904e+04
5.808157796591999795e+04
