5.808257426853999641e+04
5.808257472239000344e+04
5.808257517324000219e+04
5.808257562802000029e+04
5.808257608348999929e+04
5.808257654059000197e+04
5.808257699734000198e+04
5.808257745165999950e+04
5.808257790424000268e+04
5.808257835717000125e+04
5.808257881449999695e+04
5.808257926453000255e+04
5.808257972752999922e+04
5.808258018219999940e+04
5.808258063211999979e+04
5.808258108470000298e+04
5.808258153612000024e+04
5.808258199032999983e+04
5.808258244371999899e+04
5.808258290637000027e+04
5.808258335583000007e+04
