5.809678393776000303e+04
5.809678439057999640e+04
5.809678484131000005e+04
5.809678531010999723e+04
5.809678576084000088e+04
5.809678621620999911e+04
5.809678667075999692e+04
5.809678712149000057e+04
5.809678757372999826e+04
5.809678802642999653e+04
5.809678848411000217e+04
5.809678893542000151e+04
5.809678939125000034e+04
5.809678984245000174e+04
5.809679029456999706e+04
5.809679074553999817e+04
5.809679119638999691e+04
5.809679165174999798e+04
5.809679210143999808e+04
5.809679255646000092e+04
5.809679300823000085e+04
