5.809884445155000139e+04
5.809884490366999671e+04
5.809884535776000121e+04
5.809884581289000198e+04
5.809884626431999641e+04
5.809884671946000162e+04
5.809884717388999707e+04
5.809884764292000182e+04
5.809884809585000039e+04
5.809884854692999943e+04
5.809884900056000333e+04
5.809884945395999966e+04
5.809884990572999959e+04
5.809885035647000041e+04
5.809885080674000346e+04
5.809885125562000030e+04
5.809885170947999723e+04
5.809885216380000202e+04
5.809885261326000182e+04
5.809885306654000306e+04
5.809885352039999998e+04
