5.810753942737000034e+04
5.810753988122999726e+04
5.810754033185000299e+04
5.810754078339999978e+04
5.810754124141999637e+04
5.810754169481999998e+04
5.810754214890999720e+04
5.810754260451000300e+04
5.810754305906000081e+04
5.810754351234000205e+04
5.810754396955999982e+04
5.810754442677000043e+04
5.810754488247999689e+04
5.810754533773000003e+04
5.810754579240000021e+04
5.810754624429000251e+04
5.810754669468000066e+04
5.810754714401999809e+04
5.810754759637999814e+04
5.810754805220999697e+04
5.810754850352000358e+04
5.810754917880999710e+04
5.810754963336999936e+04
5.810755008595000254e+04
5.810755053657000099e+04
5.810755099296999833e+04
5.810755144545000076e+04
5.810755189629999950e+04
5.810755234888000268e+04
5.810755280320000020e+04
5.810755325938000169e+04
5.810755371184999967e+04
5.810755416536000121e+04
5.810755462014999648e+04
5.810755507111000043e+04
5.810755552519999765e+04
5.810755598196000210e+04
5.810755645132999780e+04
5.810755690542000229e+04
5.810755736125000112e+04
5.810755781336999644e+04
5.810755826838999928e+04
