5.810883882011000242e+04
5.810883927085000323e+04
5.810883972077000362e+04
5.810884017219999805e+04
5.810884062778999942e+04
5.810884108222999930e+04
5.810884153469999728e+04
5.810884198705999734e+04
5.810884244218999811e+04
5.810884289326999715e+04
5.810884334482000122e+04
5.810884379648000322e+04
5.810884424802000285e+04
5.810884469818000071e+04
5.810884515331000148e+04
5.810884560241999861e+04
5.810884605536000163e+04
5.810884650724999665e+04
5.810884696157000144e+04
5.810884741611999925e+04
5.810884787068000151e+04
