5.810653783351000311e+04
5.810653828482999961e+04
5.810653873521000060e+04
5.810653919116000179e+04
5.810653964455000096e+04
5.810654009806000249e+04
5.810654055273000267e+04
5.810654100856000150e+04
5.810654147029000160e+04
5.810654192496000178e+04
5.810654237847000331e+04
5.810654283243999816e+04
5.810654328826999699e+04
5.810654373923999810e+04
5.810654418915999850e+04
5.810654464302000270e+04
5.810654509618000156e+04
5.810654554692000238e+04
5.810654600285999913e+04
5.810654645729999902e+04
5.810654690791000030e+04
