5.810551175358999899e+04
5.810551220813999680e+04
5.810551266223000130e+04
5.810551311423999869e+04
5.810551356844000111e+04
5.810551402080000116e+04
5.810551447385000210e+04
5.810551492516000144e+04
5.810551537485000154e+04
5.810551583126000332e+04
5.810551628778000304e+04
5.810551673886000208e+04
5.810551719515000150e+04
5.810551764877999813e+04
5.810551810495000245e+04
5.810551855719000014e+04
5.810551900862000184e+04
5.810551946421000321e+04
5.810551992014999996e+04
5.810552037261999794e+04
5.810552083262000087e+04
