5.810953308552999806e+04
5.810953353868999693e+04
5.810953399000000354e+04
5.810953444514000148e+04
5.810953489622000052e+04
5.810953535192999698e+04
5.810953580324000359e+04
5.810953625859999738e+04
5.810953671015000145e+04
5.810953716308000003e+04
5.810953761554999801e+04
5.810953807033000339e+04
5.810953852408000239e+04
5.810953897423000308e+04
5.810953942739999911e+04
5.810953988437999942e+04
5.810954033986000286e+04
5.810954079521999665e+04
5.810954125082000246e+04
5.810954170675999922e+04
5.810954215865000151e+04
