5.810456283447999886e+04
5.810456328937999933e+04
5.810456374127999879e+04
5.810456419722000282e+04
5.810456465118999768e+04
5.810456510469999921e+04
5.810456555392999871e+04
5.810456600571000308e+04
5.810456645967999793e+04
5.810456691100000171e+04
5.810456736092000210e+04
5.810456781223000144e+04
5.810456826436000119e+04
5.810456871415999922e+04
5.810456916813999851e+04
5.810456961828999920e+04
5.810457007226999849e+04
5.810457053353000083e+04
5.810457098669999687e+04
5.810457144241000060e+04
5.810457189834999735e+04
