5.811854527907000011e+04
5.811854573188000359e+04
5.811854618261999713e+04
5.811854663648000133e+04
5.811854708594000112e+04
5.811854754130000219e+04
5.811854799515999912e+04
5.811854845028999989e+04
5.811854890577000333e+04
5.811854935813000338e+04
5.811854980967000301e+04
5.811855026040999655e+04
5.811855071263999707e+04
5.811855116858999827e+04
5.811855162197999744e+04
5.811855207653999969e+04
5.811855253108999750e+04
5.811855298877000314e+04
5.811855344367000362e+04
5.811855390089000139e+04
5.811855435174000013e+04
