5.811954629838000255e+04
5.811954675085000054e+04
5.811954720100000122e+04
5.811954765220000263e+04
5.811954810906999774e+04
5.811954856245999690e+04
5.811954901735999738e+04
5.811954947099000128e+04
5.811954992669999774e+04
5.811955037684999843e+04
5.811955085652999696e+04
5.811955130980000104e+04
5.811955176355000003e+04
5.811955221521000203e+04
5.811955266791000031e+04
5.811955311783000070e+04
5.811955356798000139e+04
5.811955401986999641e+04
5.811955447060999722e+04
5.811955492308000248e+04
5.811955537832000118e+04
