5.811755382703000214e+04
5.811755428170000232e+04
5.811755473950000305e+04
5.811755518987999676e+04
5.811755563899999834e+04
5.811755609124000330e+04
5.811755654301000322e+04
5.811755700231000083e+04
5.811755745246999868e+04
5.811755790423999861e+04
5.811755835625000327e+04
5.811755881021999812e+04
5.811755926511999860e+04
5.811755971550999675e+04
5.811756017168000108e+04
5.811756062647000363e+04
5.811756108056000085e+04
5.811756153523000103e+04
5.811756199047999689e+04
5.811756244213999889e+04
5.811756289634000132e+04
