5.811060545029000059e+04
5.811060590473000047e+04
5.811060635834999994e+04
5.811060681024999940e+04
5.811060726224999962e+04
5.811060771889000171e+04
5.811060816835000151e+04
5.811060862081999949e+04
5.811060907479000161e+04
5.811060952818999795e+04
5.811060997984999995e+04
5.811061043439999776e+04
5.811061088547999680e+04
5.811061133459000121e+04
5.811061178949000168e+04
5.811061224114999641e+04
5.811061269627999718e+04
5.811061314770999888e+04
5.811061360851999780e+04
5.811061405958999967e+04
5.811061451415000192e+04
