5.811654016891000356e+04
5.811654062474000239e+04
5.811654107779000333e+04
5.811654152933000296e+04
5.811654198134000035e+04
5.811654243762999977e+04
5.811654288813000312e+04
5.811654334199000004e+04
5.811654379445999803e+04
5.811654424670000299e+04
5.811654470114000287e+04
5.811654515338000056e+04
5.811654560735000268e+04
5.811654606526000134e+04
5.811654651737999666e+04
5.811654696880999836e+04
5.811654742162999901e+04
5.811654787699000008e+04
5.811654833084999700e+04
5.811654878610000014e+04
5.811654923799000244e+04
