5.811172062890999950e+04
5.811172108126000239e+04
5.811172153511999932e+04
5.811172198943999683e+04
5.811172244086999854e+04
5.811172288998000295e+04
5.811172334047999902e+04
5.811172379294999701e+04
5.811172424576999765e+04
5.811172469730999728e+04
5.811172514978000254e+04
5.811172560166999756e+04
5.811172605484000087e+04
5.811172650846000033e+04
5.811172696059000009e+04
5.811172741038999811e+04
5.811172786297999846e+04
5.811172831775999657e+04
5.811172876815000200e+04
5.811172922478999681e+04
5.811172967921999953e+04
