5.812951601138000115e+04
5.812951646361999883e+04
5.812951691851999931e+04
5.812951737549999962e+04
5.812951783016999980e+04
5.812951828402999672e+04
5.812951873789000092e+04
5.812951919487000123e+04
5.812951965105000272e+04
5.812952010305000294e+04
5.812952055703000224e+04
5.812952101042000140e+04
5.812952146601999993e+04
5.812952192056999775e+04
5.812952237420000165e+04
5.812952282794000348e+04
5.812952327866999985e+04
5.812952373113999784e+04
5.812952418221999687e+04
5.812952463469000213e+04
5.812952508751000278e+04
