5.812462577862999751e+04
5.812462622843000281e+04
5.812462668252000003e+04
5.812462713591999636e+04
5.812462759394999739e+04
5.812462804953999876e+04
5.812462850061999779e+04
5.812462895274000039e+04
5.812462940173999959e+04
5.812462985248000041e+04
5.812463030887999776e+04
5.812463076089000242e+04
5.812463121035000222e+04
5.812463166155000363e+04
5.812463211621999653e+04
5.812463257331999921e+04
5.812463302508999914e+04
5.812463347467000131e+04
5.812463392678999662e+04
5.812463439952000044e+04
5.812463485801000206e+04
