5.812578188209999644e+04
5.812578233896000165e+04
5.812578279409999959e+04
5.812578324784000142e+04
5.812578370205000101e+04
5.812578415682999912e+04
5.812578460872000142e+04
5.812578505830000358e+04
5.812578551193000021e+04
5.812578596265999658e+04
5.812578641685999901e+04
5.812578686759999982e+04
5.812578732075999869e+04
5.812578777160999744e+04
5.812578822362000210e+04
5.812578867527999682e+04
5.812578912716999912e+04
5.812578958137999871e+04
5.812579003384999669e+04
5.812579048943999805e+04
5.812579094294999959e+04
