5.812153462266000133e+04
5.812153508080000029e+04
5.812153553639999882e+04
5.812153599396000209e+04
5.812153644724000333e+04
5.812153689912999835e+04
5.812153734986000200e+04
5.812153780291000294e+04
5.812153825884999969e+04
5.812153871097999945e+04
5.812153916703000141e+04
5.812153962424999918e+04
5.812154007544000342e+04
5.812154052848999709e+04
5.812154097934000310e+04
5.812154143469999690e+04
5.812154188913999678e+04
5.812154234392000217e+04
5.812154279512000357e+04
5.812154324978999648e+04
5.812154370526999992e+04
