5.812065236646999983e+04
5.812065282427000056e+04
5.812065327534999960e+04
5.812065372966999712e+04
5.812065418653999950e+04
5.812065464154999790e+04
5.812065509217000363e+04
5.812065554451999924e+04
5.812065599977000238e+04
5.812065646079999715e+04
5.812065691350000270e+04
5.812065736458999891e+04
5.812065781520000019e+04
5.812065826871000172e+04
5.812065872454000055e+04
5.812065918001999671e+04
5.812065962913000112e+04
5.812066008542000054e+04
5.812066054194000026e+04
5.812066099822999968e+04
5.812066145243000210e+04
