5.812851395256999967e+04
5.812851440780999837e+04
5.812851486814999953e+04
5.812851532014999975e+04
5.812851577112000086e+04
5.812851622566999868e+04
5.812851668241999869e+04
5.812851713465999637e+04
5.812851758841000265e+04
5.812851804168999661e+04
5.812851849935999780e+04
5.812851895427000272e+04
5.812851940800999728e+04
5.812851985863000300e+04
5.812852031190999696e+04
5.812852076241000032e+04
5.812852121834999707e+04
5.812852167383000051e+04
5.812852212711000175e+04
5.812852257726999960e+04
5.812852302788000088e+04
