5.812353884680000192e+04
5.812353929752999829e+04
5.812353975116000220e+04
5.812354020524999942e+04
5.812354066212000180e+04
5.812354112003000046e+04
5.812354157596999721e+04
5.812354203145000065e+04
5.812354248530999757e+04
5.812354293743000017e+04
5.812354338804999861e+04
5.812354384271999879e+04
5.812354429379999783e+04
5.812354474556000059e+04
5.812354519561000052e+04
5.812354564994000248e+04
5.812354610402999970e+04
5.812354655974000343e+04
5.812354701162999845e+04
5.812354746144000092e+04
5.812354791934999957e+04
