5.812255691556000238e+04
5.812255736536999757e+04
5.812255782350999652e+04
5.812255827714000043e+04
5.812255874210999900e+04
5.812255919562000054e+04
5.812255965155999729e+04
5.812256013423999684e+04
5.812256059007000295e+04
5.812256104682000296e+04
5.812256150322999747e+04
5.812256195871000091e+04
5.812256240840000100e+04
5.812256285935999767e+04
5.812256331518999650e+04
5.812256376928000100e+04
5.812256422185999691e+04
5.812256467479000275e+04
5.812256512413999735e+04
5.812256557556999906e+04
5.812256603013000131e+04
