5.813653979606999928e+04
5.813654025492000073e+04
5.813654071120000299e+04
5.813654116308999801e+04
5.813654161300999840e+04
5.813654206582999905e+04
5.813654251782999927e+04
5.813654297342999780e+04
5.813654342658999667e+04
5.813654387824999867e+04
5.813654433476999839e+04
5.813654478584999742e+04
5.813654524341000069e+04
5.813654569749999791e+04
5.813654615159000241e+04
5.813654660139999760e+04
5.813654705120000290e+04
5.813654749926999648e+04
5.813654795659999945e+04
5.813654841393999959e+04
5.813654886837000231e+04
