5.813050778733000334e+04
5.813050823967999895e+04
5.813050869146000332e+04
5.813050914531000308e+04
5.813050959917000000e+04
5.813051005199000065e+04
5.813051050445999863e+04
5.813051096063000296e+04
5.813051141484000254e+04
5.813051186882000184e+04
5.813051232046999939e+04
5.813051277131999814e+04
5.813051322216999688e+04
5.813051367302000290e+04
5.813051412826999876e+04
5.813051458073999675e+04
5.813051503090000188e+04
5.813051548324999749e+04
5.813051593988999957e+04
5.813051639004000026e+04
5.813051684240000031e+04
