5.813951726885000244e+04
5.813951772062000236e+04
5.813951817760999984e+04
5.813951862729999993e+04
5.813951907860999927e+04
5.813951953107999725e+04
5.813951998610000010e+04
5.813952043602000049e+04
5.813952088963999995e+04
5.813952134210999793e+04
5.813952179770999646e+04
5.813952225075999741e+04
5.813952270218999911e+04
5.813952315326999815e+04
5.813952360354000120e+04
5.813952405970999826e+04
5.813952451391999784e+04
5.813952496696999879e+04
5.813952541966999706e+04
5.813952587109999877e+04
5.813952632645999984e+04
