5.813251062156000262e+04
5.813251107159000094e+04
5.813251152220999938e+04
5.813251197675999720e+04
5.813251242738000292e+04
5.813251290092000272e+04
5.813251335339000070e+04
5.813251380713000253e+04
5.813251426294999692e+04
5.813251471878000302e+04
5.813251517484000215e+04
5.813251562499000283e+04
5.813251607723000052e+04
5.813251652969999850e+04
5.813251698425000359e+04
5.813251743682999950e+04
5.813251788906999718e+04
5.813251833875999728e+04
5.813251879262000148e+04
5.813251924903000327e+04
5.813251969940999697e+04
