5.813351118490000226e+04
5.813351164338999661e+04
5.813351209643999755e+04
5.813351255225999921e+04
5.813351301155999681e+04
5.813351346090000152e+04
5.813351391568999679e+04
5.813351436942999862e+04
5.813351482594999834e+04
5.813351573320000170e+04
5.813351618995999888e+04
5.813351664393000101e+04
5.813351710009999806e+04
5.813351755280000361e+04
5.813351800676999846e+04
5.813351846248999937e+04
5.813351891530000285e+04
5.813351937413999985e+04
5.813351982857000257e+04
5.813352028347000305e+04
