5.813851178922999679e+04
5.813851224286000070e+04
5.813851269370999944e+04
5.813851314848999755e+04
5.813851360143000056e+04
5.813851405284999782e+04
5.813851450867999665e+04
5.813851496403999772e+04
5.813851541536000150e+04
5.813851586759000202e+04
5.813851631901999644e+04
5.813851676951999980e+04
5.813851722049000091e+04
5.813851767341999948e+04
5.813851812369000254e+04
5.813851857916999870e+04
5.813851903371999651e+04
5.813851948375999928e+04
5.813851993576999666e+04
5.813852038881999761e+04
5.813852083944000333e+04
