5.813174824413000169e+04
5.813174869960000069e+04
5.813174915334999969e+04
5.813174960928999644e+04
5.813175006140999903e+04
5.813175051410999731e+04
5.813175096843000210e+04
5.813175141951000114e+04
5.813175187151999853e+04
5.813175232584000332e+04
5.813175277703999745e+04
5.813175323067000136e+04
5.813175368729999900e+04
5.813175414209000155e+04
5.813175460081000347e+04
5.813175505801999680e+04
5.813175550841000222e+04
5.813175596331000270e+04
5.813175641218999954e+04
5.813175686755000061e+04
5.813175732165000227e+04
