5.813751006048000272e+04
5.813751051097999880e+04
5.813751096692000283e+04
5.813751141974000348e+04
5.813751187255999685e+04
5.813751232387000346e+04
5.813751277957999991e+04
5.813751323528999637e+04
5.813751368787999672e+04
5.813751413814999978e+04
5.813751459281999996e+04
5.813751504528999794e+04
5.813751549510000041e+04
5.813751595220000308e+04
5.813751640431999840e+04
5.813751685829000053e+04
5.813751730937999673e+04
5.813751776162000169e+04
5.813751821478000056e+04
5.813751866747999884e+04
5.813751911821999965e+04
