5.814758465514999989e+04
5.814758510576000117e+04
5.814758555753999826e+04
5.814758600896999997e+04
5.814758646561000205e+04
5.814758692223999969e+04
5.814758737344000110e+04
5.814758782533000340e+04
5.814758827618000214e+04
5.814758872900000279e+04
5.814758918516999984e+04
5.814758963822000078e+04
5.814759009058000083e+04
5.814759054258000106e+04
5.814759099424000306e+04
5.814759144925999863e+04
5.814759189953000168e+04
5.814759235061000072e+04
5.814759280284999841e+04
5.814759325718000036e+04
5.814759371451000334e+04
