5.814855052981000335e+04
5.814855098633000307e+04
5.814855144308000308e+04
5.814855189521000284e+04
5.814855235728000116e+04
5.814855281056999956e+04
5.814855326315000275e+04
5.814855371411999658e+04
5.814855416728000273e+04
5.814855461813000147e+04
5.814855507211000076e+04
5.814855552850999811e+04
5.814855598307000037e+04
5.814855643538999720e+04
5.814855688846999692e+04
5.814855733955000323e+04
5.814855779097999766e+04
5.814855824276000203e+04
5.814855869859000086e+04
5.814855915093999647e+04
5.814855960433000291e+04
5.814856095803999779e+04
5.814856158691999735e+04
5.814856221463000111e+04
5.814856283655999869e+04
5.814856346427999961e+04
5.814856409071999951e+04
5.814856472005999967e+04
5.814856534429999738e+04
5.814856596854999952e+04
5.814856659893000324e+04
5.814856722699000238e+04
5.814856785390000005e+04
5.814856848080999771e+04
5.814856910793999850e+04
5.814856973519999883e+04
5.814857036153000081e+04
5.814857098889999907e+04
5.814857161418000032e+04
5.814857223934999638e+04
5.814857286672000191e+04
5.814857349316999898e+04
