5.815372380711999722e+04
5.815372426352999901e+04
5.815372471889000008e+04
5.815372517135999806e+04
5.815372562661000120e+04
5.815372608174000197e+04
5.815372653883999737e+04
5.815372698875999777e+04
5.815372744413000328e+04
5.815372789775000274e+04
5.815372834986999806e+04
5.815372880188000272e+04
5.815372925515999668e+04
5.815372970694000105e+04
5.815373015986999962e+04
5.815373061649999727e+04
5.815373106643000210e+04
5.815373151774000144e+04
5.815373197310000251e+04
5.815373242418000154e+04
5.815373288162999961e+04
