5.815067632841000159e+04
5.815067677961000300e+04
5.815067723185000068e+04
5.815067768385000090e+04
5.815067813932999707e+04
5.815067859250000038e+04
5.815067904322999675e+04
5.815067949755999871e+04
5.815067995153000084e+04
5.815068040723999729e+04
5.815068086249000044e+04
5.815068131670000002e+04
5.815068177183000080e+04
5.815068222881000111e+04
5.815068267942999955e+04
5.815068313699999999e+04
5.815068359028000123e+04
5.815068404205999832e+04
5.815068449683999643e+04
5.815068494826999813e+04
5.815068539969999983e+04
