5.815259534975999850e+04
5.815259580165000079e+04
5.815259625157000119e+04
5.815259670809999807e+04
5.815259716091000155e+04
5.815259761314999923e+04
5.815259806794000178e+04
5.815259851750999951e+04
5.815259896858999855e+04
5.815259942014000262e+04
5.815259987549999641e+04
5.815260032566000154e+04
5.815260077766999893e+04
5.815260123267999734e+04
5.815260168295000040e+04
5.815260213636000117e+04
5.815260259101999691e+04
5.815260304442000051e+04
5.815260350047999964e+04
5.815260395016999973e+04
5.815260440691999975e+04
5.815260632815999998e+04
5.815260677623000083e+04
5.815260722846999852e+04
5.815260768395000196e+04
5.815260813328999939e+04
5.815260858495000139e+04
5.815260903626000072e+04
5.815260948677000124e+04
5.815260993911999685e+04
5.815261039100999915e+04
5.815261084742000094e+04
5.815261129723000340e+04
5.815261175155000092e+04
5.815261220414000127e+04
5.815261265555999853e+04
5.815261310455999774e+04
5.815261355506000109e+04
5.815261400776999653e+04
5.815261445675999857e+04
5.815261490831000265e+04
5.815261535811999784e+04
5.815261581208999996e+04
5.815261626386999706e+04
5.815261671680000291e+04
5.815261716776999674e+04
5.815261762278000242e+04
5.815261807653000142e+04
5.815261853130999953e+04
5.815261898089000169e+04
5.815261943440000323e+04
5.815261989277999965e+04
5.815262034467000194e+04
5.815262079459000233e+04
5.815262124937999761e+04
5.815262169975999859e+04
5.815262215211999865e+04
5.815262260332000005e+04
5.815262305845000083e+04
5.815262350837000122e+04
5.815262396268999873e+04
5.815262441759999638e+04
5.815262486902000092e+04
5.815262726031999773e+04
5.815262788467999781e+04
5.815262851309999678e+04
5.815262914196999918e+04
5.815262976586999866e+04
5.815263039556000149e+04
