5.816873642455999652e+04
5.816873687575999793e+04
5.816873733019000065e+04
5.816873779215000104e+04
5.816873824405000050e+04
5.816873869605000073e+04
5.816873914609000349e+04
5.816873960053000337e+04
5.816874006479999662e+04
5.816874051645999862e+04
5.816874096766000002e+04
5.816874141966000025e+04
5.816874187641999742e+04
5.816874233246999938e+04
5.816874278308999783e+04
5.816874323348000325e+04
5.816874368780000077e+04
5.816874414316000184e+04
5.816874459957000363e+04
5.816874505586000305e+04
5.816874551098999655e+04
