5.816260715234000236e+04
5.816260760445999767e+04
5.816260805855000217e+04
5.816260851369000011e+04
5.816260896638999839e+04
5.816260942303000047e+04
5.816260987677000230e+04
5.816261033190000308e+04
5.816261078657000326e+04
5.816261124043000018e+04
5.816261169104999863e+04
5.816261214294000092e+04
5.816261259576000157e+04
5.816261304673000268e+04
5.816261349745999905e+04
5.816261394853999809e+04
5.816261440286000288e+04
5.816261485800000082e+04
5.816261531567999918e+04
5.816261576549000165e+04
5.816261622234999959e+04
