5.816165764705000038e+04
5.816165810252999654e+04
5.816165855372999795e+04
5.816165900631999830e+04
5.816165945890000148e+04
5.816165991958999803e+04
5.816166037251999660e+04
5.816166082707999885e+04
5.816166127607000089e+04
5.816166172715999710e+04
5.816166217753999808e+04
5.816166263048000110e+04
5.816166308538000158e+04
5.816166353877000074e+04
5.816166399031999754e+04
5.816166444012000284e+04
5.816166489351999917e+04
5.816166534715000307e+04
5.816166579810999974e+04
5.816166624908000085e+04
5.816166670537000027e+04
