5.816361367153000174e+04
5.816361412700999790e+04
5.816361458179000329e+04
5.816361503541999991e+04
5.816361549147999904e+04
5.816361594557000353e+04
5.816361640001000342e+04
5.816361685248000140e+04
5.816361730494999938e+04
5.816361775995999778e+04
5.816361821452000004e+04
5.816361866757000098e+04
5.816361911934000091e+04
5.816361957054000231e+04
5.816362002717999712e+04
5.816362047768000048e+04
5.816362093350999930e+04
5.816362138330999733e+04
5.816362184030000208e+04
5.816362229531000048e+04
5.816362275195000257e+04
