5.816555033797999931e+04
5.816555079149000085e+04
5.816555124778000027e+04
5.816555170325999643e+04
5.816555215527000109e+04
5.816555260947000352e+04
5.816555306079000002e+04
5.816555351186999906e+04
5.816555396502999793e+04
5.816555442040000344e+04
5.816555487020999863e+04
5.816555532464000134e+04
5.816555577885000093e+04
5.816555623560000095e+04
5.816555668968999817e+04
5.816555714124000224e+04
5.816555759429000318e+04
5.816555804825999803e+04
5.816555850282000029e+04
5.816555895656000212e+04
5.816555940695000027e+04
