5.816057913620999898e+04
5.816057958787000098e+04
5.816058004254000116e+04
5.816058049675000075e+04
5.816058095106999826e+04
5.816058140088000073e+04
5.816058185578000121e+04
5.816058230431999982e+04
5.816058275632000004e+04
5.816058320868000010e+04
5.816058366057000239e+04
5.816058411465999961e+04
5.816058456516000297e+04
5.816058501832999900e+04
5.816058546953000041e+04
5.816058592523999687e+04
5.816058638002000225e+04
5.816058683526999812e+04
5.816058728877999965e+04
5.816058773823999945e+04
5.816058819372000289e+04
