5.816462691261000145e+04
5.816462736808999762e+04
5.816462781802000245e+04
5.816462827026000014e+04
5.816462872318999871e+04
5.816462917462000041e+04
5.816462962790000165e+04
5.816463008314999752e+04
5.816463053608000337e+04
5.816463098878999881e+04
5.816463144507999823e+04
5.816463190703999862e+04
5.816463236968999990e+04
5.816463283327999670e+04
5.816463328668000031e+04
5.816463374389000091e+04
5.816463419856000110e+04
5.816463465022000310e+04
5.816463510651000252e+04
5.816463555887000257e+04
5.816463601400000334e+04
