5.817072234769000352e+04
5.817072279854000226e+04
5.817072325065999757e+04
5.817072370567000326e+04
5.817072416266000073e+04
5.817072461871000269e+04
5.817072507269999915e+04
5.817072552908999933e+04
5.817072598340999684e+04
5.817072644027999922e+04
5.817072689101000287e+04
5.817072735344000102e+04
5.817072780729000078e+04
5.817072826358000020e+04
5.817072871581999789e+04
5.817072916991000238e+04
5.817072962561999884e+04
5.817073007902000245e+04
5.817073053264999908e+04
5.817073098384000332e+04
5.817073144152000168e+04
