5.817272051775000000e+04
5.817272097252999811e+04
5.817272142870999960e+04
5.817272188697000092e+04
5.817272233758000220e+04
5.817272279063000315e+04
5.817272325236000324e+04
5.817272370819000207e+04
5.817272415950000141e+04
5.817272461104000104e+04
5.817272506119999889e+04
5.817272551296999882e+04
5.817272596463000082e+04
5.817272641570999986e+04
5.817272686598000291e+04
5.817272731902999658e+04
5.817272776986999816e+04
5.817272822096000164e+04
5.817272867458000110e+04
5.817272912727999937e+04
5.817272958114000357e+04
