5.817855794836999848e+04
5.817855840061000345e+04
5.817855885342999682e+04
5.817855930439000076e+04
5.817855975754999963e+04
5.817856021257000248e+04
5.817856066781999834e+04
5.817856112004999886e+04
5.817856157112999790e+04
5.817856202800000028e+04
5.817856248382999911e+04
5.817856293549000111e+04
5.817856338772999879e+04
5.817856384193000122e+04
5.817856429139000102e+04
5.817856474478000018e+04
5.817856520014000125e+04
5.817856565342999966e+04
5.817856610542999988e+04
5.817856655476999731e+04
5.817856700886000181e+04
