5.817953675656000269e+04
5.817953720833000261e+04
5.817953765895000106e+04
5.817953810759999760e+04
5.817953856215000269e+04
5.817953901647999737e+04
5.817953947334000259e+04
5.817953993402999913e+04
5.817954038974000287e+04
5.817954084175000025e+04
5.817954129503000149e+04
5.817954174714999681e+04
5.817954220273999817e+04
5.817954265614000178e+04
5.817954311230999883e+04
5.817954356512999948e+04
5.817954402002999996e+04
5.817954446959999768e+04
5.817954492033000133e+04
5.817954537187999813e+04
5.817954582156999822e+04
