5.817753707300999667e+04
5.817753752813999745e+04
5.817753798326999822e+04
5.817753843469999993e+04
5.817753888520000328e+04
5.817753933569999936e+04
5.817753978515999916e+04
5.817754024909000145e+04
5.817754070189999766e+04
5.817754115530000126e+04
5.817754160899000271e+04
5.817754206197000167e+04
5.817754251443999965e+04
5.817754297049999877e+04
5.817754342516999895e+04
5.817754387855999812e+04
5.817754433206999965e+04
5.817754478419000225e+04
5.817754523932000302e+04
5.817754568981999910e+04
5.817754614680999657e+04
