5.817462622230000125e+04
5.817462668067000050e+04
5.817462713498999801e+04
5.817462758872999984e+04
5.817462804421000328e+04
5.817462849506000202e+04
5.817462895169999683e+04
5.817462941308000154e+04
5.817462986311999703e+04
5.817463031339000008e+04
5.817463076492999971e+04
5.817463122006000049e+04
5.817463167414999771e+04
5.817463212477000343e+04
5.817463258094000048e+04
5.817463303710999753e+04
5.817463349154999742e+04
5.817463394749000145e+04
5.817463440273999731e+04
5.817463485647999914e+04
5.817463530814000114e+04
