5.817165046799000265e+04
5.817165092369999911e+04
5.817165137964000314e+04
5.817165183383999829e+04
5.817165228989999741e+04
5.817165274029000284e+04
5.817165319542000361e+04
5.817165365228999872e+04
5.817165410626000084e+04
5.817165455559999828e+04
5.817165501408999990e+04
5.817165546876000008e+04
5.817165592435000144e+04
5.817165637866999896e+04
5.817165682987000037e+04
5.817165728107000177e+04
5.817165773364999768e+04
5.817165818184000091e+04
5.817165863766000257e+04
5.817165908954999759e+04
5.817165954560999671e+04
