5.818152445925000211e+04
5.818152490940000280e+04
5.818152535966999858e+04
5.818152581572999770e+04
5.818152626762000000e+04
5.818152672044000064e+04
5.818152717279000353e+04
5.818152762652999809e+04
5.818152808003999962e+04
5.818152853910999693e+04
5.818152898950000235e+04
5.818152944589999970e+04
5.818152990046000195e+04
5.818153035639999871e+04
5.818153081001999817e+04
5.818153126260999852e+04
5.818153171322999697e+04
5.818153216951999639e+04
5.818153262523000012e+04
5.818153307838999899e+04
5.818153353108999727e+04
