5.818951251097000204e+04
5.818951296528999956e+04
5.818951341985000181e+04
5.818951387219999742e+04
5.818951432467000268e+04
5.818951477529000113e+04
5.818951523076999729e+04
5.818951568555999984e+04
5.818951614161000180e+04
5.818951660010000342e+04
5.818951705580999987e+04
5.818951751024999976e+04
5.818951796376000129e+04
5.818951841276999767e+04
5.818951886812999874e+04
5.818951932187000057e+04
5.818951977261000138e+04
5.818952024174999679e+04
5.818952069317000132e+04
5.818952114553000138e+04
5.818952159961999860e+04
