5.818760390832000121e+04
5.818760436389999813e+04
5.818760481545999937e+04
5.818760526640999888e+04
5.818760571935000189e+04
5.818760617263000313e+04
5.818760662764999870e+04
5.818760707861000265e+04
5.818760753062000003e+04
5.818760798274000263e+04
5.818760843462999765e+04
5.818760889045999647e+04
5.818760934200000338e+04
5.818760979794000013e+04
5.818761025943999994e+04
5.818761071284000354e+04
5.818761116796999704e+04
5.818761161998000171e+04
5.818761207452999952e+04
5.818761252411000169e+04
5.818761297773000115e+04
