5.819950474148999638e+04
5.819950519453999732e+04
5.819950564966999809e+04
5.819950610028999654e+04
5.819950655692999862e+04
5.819950700720000168e+04
5.819950745885999640e+04
5.819950791583999671e+04
5.819950836970999808e+04
5.819950882136000291e+04
5.819950927521999984e+04
5.819950972896999883e+04
5.819951018166999711e+04
5.819951063715000055e+04
5.819951109135000297e+04
5.819951154741000209e+04
5.819951200242999766e+04
5.819951245825999649e+04
5.819951291455000319e+04
5.819951336979999905e+04
5.819951382076000300e+04
