5.819350702653999906e+04
5.819350748341000144e+04
5.819350793541999883e+04
5.819350838962000125e+04
5.819350884729999962e+04
5.819350930243000039e+04
5.819350975790999655e+04
5.819351020981000329e+04
5.819351066331999755e+04
5.819351111695000145e+04
5.819351156952999736e+04
5.819351202442999784e+04
5.819351247806000174e+04
5.819351293145999807e+04
5.819351338786000269e+04
5.819351384161000169e+04
5.819351429823999933e+04
5.819351475211000070e+04
5.819351520318999974e+04
5.819351565600000322e+04
5.819351611078999849e+04
