5.819148902837000060e+04
5.819148948026000289e+04
5.819148993493000307e+04
5.819149039110000012e+04
5.819149084194999887e+04
5.819149129592999816e+04
5.819149174700999720e+04
5.819149219635000190e+04
5.819149265646000276e+04
5.819149310973999673e+04
5.819149355851000291e+04
5.819149400970999704e+04
5.819149446437999723e+04
5.819149492147999990e+04
5.819149537684000097e+04
5.819149583300999802e+04
5.819149628767999820e+04
5.819149673980999796e+04
5.819149719481999637e+04
5.819149764960999892e+04
5.819149810150000121e+04
