5.819751138345999789e+04
5.819751184009999997e+04
5.819751229140999931e+04
5.819751274654999725e+04
5.819751320144999772e+04
5.819751365796999744e+04
5.819751411471999745e+04
5.819751456684999721e+04
5.819751501873999950e+04
5.819751547479000146e+04
5.819751593236000190e+04
5.819751638541000284e+04
5.819751684389000002e+04
5.819751729427999817e+04
5.819751774629000283e+04
5.819751821565999853e+04
5.819751866870999947e+04
5.819751912453000114e+04
5.819751957966999908e+04
5.819752003503000014e+04
5.819752049640999758e+04
