5.819551213851999637e+04
5.819551259387999744e+04
5.819551304682000045e+04
5.819551350577000267e+04
5.819551395685000170e+04
5.819551441081999656e+04
5.819551486583999940e+04
5.819551531876999798e+04
5.819551577274999727e+04
5.819551622717999999e+04
5.819551667861000169e+04
5.819551713305000158e+04
5.819551758934000100e+04
5.819551804226999957e+04
5.819551849706000212e+04
5.819551895287999650e+04
5.819551940697000100e+04
5.819551986233999924e+04
5.819552031631000136e+04
5.819552076716000010e+04
5.819552122380000219e+04
