5.820950657340000180e+04
5.820950702956999885e+04
5.820950749373000144e+04
5.820950795105999714e+04
5.820950840759000130e+04
5.820950886306000029e+04
5.820950932004999777e+04
5.820950977599000180e+04
5.820951022869000008e+04
5.820951068439999653e+04
5.820951113443999930e+04
5.820951158969000244e+04
5.820951204516999860e+04
5.820951249878999806e+04
5.820951295150000078e+04
5.820951340442999935e+04
5.820951386279999861e+04
5.820951431446000061e+04
5.820951476890000049e+04
5.820951522079000279e+04
5.820951567464999971e+04
