5.820551229793999664e+04
5.820551274948000355e+04
5.820551320670000132e+04
5.820551366946999769e+04
5.820551412182000058e+04
5.820551457336999738e+04
5.820551502630000323e+04
5.820551547980999749e+04
5.820551593680000224e+04
5.820551639019999857e+04
5.820551684173999820e+04
5.820551729755999986e+04
5.820551774956999725e+04
5.820551820251000026e+04
5.820551865625000210e+04
5.820551911334999750e+04
5.820551956790000258e+04
5.820552002095000353e+04
5.820552047493000282e+04
5.820552092797999649e+04
5.820552138276999904e+04
