5.820349781280999741e+04
5.820349826793999819e+04
5.820349872411999968e+04
5.820349917670000286e+04
5.820349962940000114e+04
5.820350008199000149e+04
5.820350053330000082e+04
5.820350099179000244e+04
5.820350144321999687e+04
5.820350189834999765e+04
5.820350235452000197e+04
5.820350280965999991e+04
5.820350326386000233e+04
5.820350371784000163e+04
5.820350417018999724e+04
5.820350462092000089e+04
5.820350507513000048e+04
5.820350552990999859e+04
5.820350598146000266e+04
5.820350643670999852e+04
5.820350689137000154e+04
