5.820754193469000165e+04
5.820754239270999824e+04
5.820754284390999965e+04
5.820754329429999780e+04
5.820754374757999904e+04
5.820754420247999951e+04
5.820754466028000024e+04
5.820754511551999894e+04
5.820754556833999959e+04
5.820754601952999656e+04
5.820754647570999805e+04
5.820754692770999827e+04
5.820754738134000218e+04
5.820754783231000329e+04
5.820754828465999890e+04
5.820754873806000251e+04
5.820754918878999888e+04
5.820754964404000202e+04
5.820755009558000165e+04
5.820755054932000348e+04
5.820755100398999639e+04
