5.820151069211999857e+04
5.820151114817999769e+04
5.820151160250000248e+04
5.820151205335000122e+04
5.820151250651999726e+04
5.820151295863999985e+04
5.820151340984000126e+04
5.820151386449999700e+04
5.820151431916999718e+04
5.820151477280000108e+04
5.820151522932000080e+04
5.820151568468000187e+04
5.820151614051000070e+04
5.820151659448999999e+04
5.820151704846000212e+04
5.820151750277999963e+04
5.820151795896000112e+04
5.820151841270000295e+04
5.820151886262000335e+04
5.820151931683000294e+04
5.820151977253999939e+04
