5.821750033647999953e+04
5.821750078883000242e+04
5.821750124453999888e+04
5.821750169758999982e+04
5.821750215515000309e+04
5.821750260716000048e+04
5.821750306344999990e+04
5.821750352032000228e+04
5.821750397440999950e+04
5.821750443035000353e+04
5.821750488490000134e+04
5.821750533690999873e+04
5.821750579134999862e+04
5.821750624589999643e+04
5.821750669929000287e+04
5.821750716577000276e+04
5.821750761742999748e+04
5.821750807486999838e+04
5.821750852920000034e+04
5.821750898038999730e+04
5.821750943528999778e+04
