5.821153322173999914e+04
5.821153367640999932e+04
5.821153413164999802e+04
5.821153458377999777e+04
5.821153503844000079e+04
5.821153549137999653e+04
5.821153594732000056e+04
5.821153639724000095e+04
5.821153685237000172e+04
5.821153730704000191e+04
5.821153776287000073e+04
5.821153821823000180e+04
5.821153867093000008e+04
5.821153912663999654e+04
5.821153958107999642e+04
5.821154003435000050e+04
5.821154049053000199e+04
5.821154094138000073e+04
5.821154139222999947e+04
5.821154185349000181e+04
5.821154230747000111e+04
5.821155036706000101e+04
5.821155710767999699e+04
