5.821355272988000070e+04
5.821355318211999838e+04
5.821355363770999975e+04
5.821355408994999743e+04
5.821355454333999660e+04
5.821355499499999860e+04
5.821355544966999878e+04
5.821355590608000057e+04
5.821355636421999952e+04
5.821355681518000347e+04
5.821355726891999802e+04
5.821355772289999732e+04
5.821355817987999762e+04
5.821355862910999713e+04
5.821355908227000327e+04
5.821355953972000134e+04
5.821355999449999945e+04
5.821356044801000098e+04
5.821356090117999702e+04
5.821356135411000287e+04
5.821356180727000174e+04
