5.821560196824999730e+04
5.821560241841000243e+04
5.821560286959999939e+04
5.821560332137999649e+04
5.821560377187999984e+04
5.821560422678000032e+04
5.821560468201999902e+04
5.821560513900999649e+04
5.821560559633999947e+04
5.821560605134999787e+04
5.821560650498000177e+04
5.821560695872000360e+04
5.821560741581999901e+04
5.821560787061000156e+04
5.821560832574000233e+04
5.821560878630999650e+04
5.821560924063000130e+04
5.821560969274999661e+04
5.821561014961999899e+04
5.821561060115999862e+04
5.821561106149999978e+04
