5.822649334606000048e+04
5.822649379957000201e+04
5.822649425701000291e+04
5.822649471122000250e+04
5.822649519691000023e+04
5.822649565145999804e+04
5.822649610440000106e+04
5.822649656092000077e+04
5.822649701639999694e+04
5.822649747059999936e+04
5.822649792144999810e+04
5.822649837439000112e+04
5.822649883045000024e+04
5.822649928268000076e+04
5.822649973144999967e+04
5.822650018704000104e+04
5.822650064102000033e+04
5.822650109302999772e+04
5.822650154943000234e+04
5.822650199946999783e+04
5.822650245379000262e+04
