5.822351132137999957e+04
5.822351177546999679e+04
5.822351222771000175e+04
5.822351268318000075e+04
5.822351313379999920e+04
5.822351358638999955e+04
5.822351403458000277e+04
5.822351448890000029e+04
5.822351494287999958e+04
5.822351540448999731e+04
5.822351586263000354e+04
5.822351631174999784e+04
5.822351676513999701e+04
5.822351722131999850e+04
5.822351767575999838e+04
5.822351813101000153e+04
5.822351858219999849e+04
5.822351903583000239e+04
5.822351948737999919e+04
5.822351993984999717e+04
5.822352039324000361e+04
