5.822149796495000191e+04
5.822149841834000108e+04
5.822149887532999855e+04
5.822149932732999878e+04
5.822149978304999968e+04
5.822150023481999960e+04
5.822150068845000351e+04
5.822150114403999760e+04
5.822150159859999985e+04
5.822150205222999648e+04
5.822150250434999907e+04
5.822150295901999925e+04
5.822150341207000019e+04
5.822150386140999763e+04
5.822150431191000098e+04
5.822150476368999807e+04
5.822150521499999741e+04
5.822150566724000237e+04
5.822150612040999840e+04
5.822150657890000002e+04
5.822150703577000240e+04
