5.784451352582000254e+04
5.784451426037000056e+04
5.784451500903999840e+04
5.784451573305999773e+04
5.784451645915999688e+04
5.784451718524999887e+04
5.784451791714000137e+04
5.784451864590000332e+04
5.784451937431999977e+04
5.784452010388999770e+04
5.784452083346000290e+04
5.784452156292000291e+04
5.784452229051999893e+04
5.784452301615999750e+04
5.784652377357999649e+04
5.784652453265999793e+04
5.784652529199000128e+04
5.784652602943000238e+04
5.784652675841999735e+04
5.784652748602000065e+04
5.784652821386000142e+04
5.784652894504999858e+04
5.784652967347000231e+04
5.784653040175999922e+04
5.784653112670999690e+04
5.784653185477000079e+04
5.784653258040999935e+04
5.784653330511999957e+04
5.784850657984000281e+04
5.784850730790999660e+04
5.784850807717000134e+04
5.784850882398999966e+04
5.784850958319000347e+04
5.784851031125999725e+04
5.784851104325999768e+04
5.784851177237000229e+04
5.784851250160000200e+04
5.784851322665000043e+04
5.784851395436999883e+04
5.784851468243999989e+04
5.784851541097000154e+04
5.784851613879999786e+04
5.785051109882000310e+04
5.785051184633000230e+04
5.785051260241000273e+04
5.785051333139999770e+04
5.785051405692000117e+04
5.785051478220999707e+04
5.785051551004000066e+04
5.785051623937999830e+04
5.785051697068999783e+04
5.785051770106999902e+04
5.785051842785999906e+04
5.785051920003000123e+04
5.785051993005999975e+04
5.785052065592999861e+04
5.785449999296999886e+04
5.785450073040999996e+04
5.785450145986999996e+04
5.785450218712999776e+04
5.785450291334000212e+04
5.785450364568999794e+04
5.785450437514999794e+04
5.785450510668000061e+04
5.785450583614000061e+04
5.785450659533999715e+04
5.785450735118999728e+04
5.785450810043999809e+04
5.785450883279000118e+04
5.785450956489999953e+04
5.785646884708000289e+04
5.785646957585000200e+04
5.785647031733999756e+04
5.785647104193999985e+04
5.785647176965999824e+04
5.785647305297999992e+04
5.785647374503999890e+04
5.785647446258000127e+04
5.785647519458000170e+04
5.785647589742000127e+04
5.785647661461000098e+04
5.785647732982999878e+04
5.785647802547999891e+04
5.785647871616000339e+04
5.785647940881000250e+04
5.785648010100000101e+04
5.785648079862000304e+04
5.785648148988000321e+04
5.785648218554000050e+04
5.786248729307999747e+04
5.786248805569999968e+04
5.786248880107000150e+04
5.786248953133000032e+04
5.786249025996999990e+04
5.786249098930999753e+04
5.786249171668000054e+04
5.786249244752999948e+04
5.786249317559000337e+04
5.786249390505000338e+04
5.786249464931999682e+04
5.786249544451999827e+04
5.786249617246999696e+04
5.786249690191999980e+04
5.786449210252000194e+04
5.786449284574999911e+04
5.786449361039000360e+04
5.786449435593999806e+04
5.786449508192000212e+04
5.786449581136999768e+04
5.786449653723999654e+04
5.786449726496000221e+04
5.786449799139999959e+04
5.786449872281999706e+04
5.786449944869000319e+04
5.786450020950999897e+04
5.786450093722999736e+04
5.786450166598999931e+04
5.786648224425000080e+04
5.786648298041999806e+04
5.786648372191999806e+04
5.786648444975000166e+04
5.786648517631000141e+04
5.786648590090999642e+04
5.786648662712000078e+04
5.786648735599999782e+04
5.786648808232999727e+04
5.786648881039999833e+04
5.786648956195999926e+04
5.786649032904000342e+04
5.786649105802999838e+04
5.786649178830000164e+04
5.786848296062999725e+04
5.786848341008999705e+04
5.786848387378000189e+04
5.786848432660000253e+04
5.786848478091000288e+04
5.786848523754999769e+04
5.786848568874000193e+04
5.786848613969999860e+04
5.786848659077999764e+04
5.786848704290000023e+04
5.786848749548000342e+04
5.786848795188000076e+04
5.786848840758999722e+04
5.786848885924999922e+04
5.787048896416999924e+04
5.787048941732999810e+04
5.787048987002999638e+04
5.787049032366000029e+04
5.787049077334000322e+04
5.787049122429999989e+04
5.787049167550000129e+04
5.787049212529999932e+04
5.787049258217000170e+04
5.787049303417000192e+04
5.787049348687000020e+04
5.787049394256999949e+04
5.787049439307000284e+04
5.787049484079000104e+04
5.787049529430000257e+04
5.787049574502999894e+04
5.787049619841999811e+04
5.787049665400999947e+04
5.787049710346999927e+04
5.787049755361999996e+04
5.787049800851000327e+04
5.787248423927000113e+04
5.787248469648999890e+04
5.787248514525000064e+04
5.787248559666999790e+04
5.787248604856999737e+04
5.787248650287999772e+04
5.787248695789000340e+04
5.787248740954999812e+04
5.787248786560000008e+04
5.787248831667999912e+04
5.787248877180999989e+04
5.787248922265999863e+04
5.787248967396000080e+04
5.787249012978999963e+04
5.787249058826999681e+04
5.787249104097000236e+04
5.787249149331999797e+04
5.787249194567000086e+04
5.787249239882999973e+04
5.787249285373000021e+04
5.787249330562000250e+04
5.787452300560000003e+04
5.787452345852999861e+04
5.787452390878999722e+04
5.787452436242000113e+04
5.787452481476999674e+04
5.787452526421999937e+04
5.787452571668999735e+04
5.787452616834000219e+04
5.787452662139000313e+04
5.787452707709999959e+04
5.787452753130000201e+04
5.787452798700000130e+04
5.787452844526000263e+04
5.787452889991999837e+04
5.787452935284999694e+04
5.787452980381000089e+04
5.787453025570000318e+04
5.787453070979000040e+04
5.787453115912999783e+04
5.787453161459999683e+04
5.787453206961000251e+04
5.787648946820000128e+04
5.787648992343999998e+04
5.787649037857000076e+04
5.787649083578000136e+04
5.787649128673999803e+04
5.787649173966999660e+04
5.787649219086000085e+04
5.787649264158999722e+04
5.787649309497999639e+04
5.787649354720999690e+04
5.787649399737000203e+04
5.787649445330999879e+04
5.787649490820000210e+04
5.787649536090000038e+04
5.787649582088999887e+04
5.787649627463000070e+04
5.787649672732000181e+04
5.787649718487999780e+04
5.787649763700000040e+04
5.787649808692000079e+04
5.787649853810999775e+04
5.788046434507000231e+04
5.788046479730999999e+04
5.788046525174000271e+04
5.788046570826000243e+04
5.788046616430999711e+04
5.788046662071000173e+04
5.788046707259999675e+04
5.788046752900000138e+04
5.788046797985000012e+04
5.788046843056999933e+04
5.788046888698000112e+04
5.788046934083000087e+04
5.788046979226000258e+04
5.788047024391000014e+04
5.788047069799999736e+04
5.788047115068999847e+04
5.788047160396999971e+04
5.788047206649999862e+04
5.788047251885999867e+04
5.788047297144000186e+04
5.788047342714000115e+04
5.795987830583000323e+04
5.795987875737000286e+04
5.795987921967999864e+04
5.795987966982999933e+04
5.795988012275999790e+04
5.795988057822999690e+04
5.795988103289999708e+04
5.795988148791000276e+04
5.795988193830000091e+04
5.795988238855999953e+04
5.795988284959000157e+04
5.795988330378999672e+04
5.795988375868999719e+04
5.795988421045999712e+04
5.795988466222999705e+04
5.795988511203999951e+04
5.795988556866999716e+04
5.795988602125000034e+04
5.795988647476000187e+04
5.795988692966000235e+04
5.795988738605999970e+04
5.796291024956999900e+04
5.796291069866999896e+04
5.796291115356999944e+04
5.796291160823999962e+04
5.796291206221000175e+04
5.796291254314999969e+04
5.796291299365000305e+04
5.796291344889000175e+04
5.796291390043000138e+04
5.796291435243999877e+04
5.796291480269999738e+04
5.796291525307999837e+04
5.796291571018000104e+04
5.796291616485000122e+04
5.796291661811999802e+04
5.796291707324999879e+04
5.796291752329000155e+04
5.796291797378000047e+04
5.796291842498000187e+04
5.796291887639999914e+04
5.796291932644000190e+04
5.796490357167000184e+04
5.796490402783999889e+04
5.796490448170000309e+04
5.796490493648000120e+04
5.796490539090999664e+04
5.796490584151999792e+04
5.796490629608000017e+04
5.796490674646000116e+04
5.796490720367000176e+04
5.796490765868000017e+04
5.796490811219000170e+04
5.796490856570000324e+04
5.796490902128999733e+04
5.796490947618999780e+04
5.796490992795999773e+04
5.796491037961000256e+04
5.796491083439000067e+04
5.796491128744000162e+04
5.796491174268000032e+04
5.796491219491999800e+04
5.796491264750000119e+04
5.796888513809999858e+04
5.796888558847999957e+04
5.796888604130000022e+04
5.796888649307000014e+04
5.796888694542000303e+04
5.796888739938999788e+04
5.796888785336000001e+04
5.796888830802000302e+04
5.796888876303000143e+04
5.796888921283999662e+04
5.796888966623000306e+04
5.796889012321000337e+04
5.796889057532000152e+04
5.796889102986999933e+04
5.796889148569000099e+04
5.796889193931999762e+04
5.796889239213000110e+04
5.796889284020000196e+04
5.796889329590000125e+04
5.796889374906000012e+04
5.796889419967000140e+04
5.796990716743999656e+04
5.796990762014000211e+04
5.796990807525999844e+04
5.796990853108999727e+04
5.796990898192999884e+04
5.796990943359000084e+04
5.796990988847999688e+04
5.796991033921000053e+04
5.796991079549999995e+04
5.796991125016000296e+04
5.796991170332000183e+04
5.796991215717000159e+04
5.796991261253000266e+04
5.796991306720000284e+04
5.796991352360000019e+04
5.796991397711000172e+04
5.796991443153999717e+04
5.796991488422999828e+04
5.796991533589000028e+04
5.796991578812000080e+04
5.796991624382999726e+04
5.797185770973999752e+04
5.797185816637999960e+04
5.797185861896000279e+04
5.797185909284000081e+04
5.797185954854000011e+04
5.797186000285999762e+04
5.797186045659999945e+04
5.797186090731999866e+04
5.797186135736000142e+04
5.797186181133000355e+04
5.797186226298000111e+04
5.797186271418000251e+04
5.797186316501999681e+04
5.797186361980000220e+04
5.797186407422999764e+04
5.797186452658000053e+04
5.797186498125000071e+04
5.797186543707000237e+04
5.797186589023000124e+04
5.797186634488999698e+04
5.797186680070999864e+04
5.797287645099999645e+04
5.797287690485000348e+04
5.797287735570000223e+04
5.797287781314000313e+04
5.797287826733999827e+04
5.797287872015000175e+04
5.797287917459000164e+04
5.797287962775000051e+04
5.797288007939999807e+04
5.797288053440999647e+04
5.797288099440000224e+04
5.797288144918000035e+04
5.797288189933000103e+04
5.797288235549999808e+04
5.797288281108999945e+04
5.797288325985000120e+04
5.797288370977000159e+04
5.797288416165999661e+04
5.797288461991000077e+04
5.797288507388000289e+04
5.797288552727000206e+04
5.797387235953000345e+04
5.797387281385000097e+04
5.797387327070999891e+04
5.797387372386999778e+04
5.797387417275000189e+04
5.797387462439999945e+04
5.797387508034000348e+04
5.797387554554000235e+04
5.797387600101000135e+04
5.797387645532999886e+04
5.797387690501999896e+04
5.797387735516999965e+04
5.797387780635999661e+04
5.797387826148999739e+04
5.797387871442000323e+04
5.797387916884999868e+04
5.797387962757000059e+04
5.797388008778999938e+04
5.797388053863000096e+04
5.797388098970999999e+04
5.797388144055000157e+04
5.797486975382999663e+04
5.797487020964999829e+04
5.797487066154000058e+04
5.797487114537000161e+04
5.797487160397000116e+04
5.797487205597999855e+04
5.797487251087000186e+04
5.797487296508000145e+04
5.797487341592000303e+04
5.797487386908000190e+04
5.797487432512999658e+04
5.797487477770999976e+04
5.797487523330999829e+04
5.797487568599999940e+04
5.797487613835000229e+04
5.797487659266999981e+04
5.797487704757000029e+04
5.797487750072999916e+04
5.797487795365999773e+04
5.797487840739000239e+04
5.797487886332999915e+04
5.797591876441000204e+04
5.797591921872999956e+04
5.797591967917999864e+04
5.797592013395999675e+04
5.797592058653999993e+04
5.797592104269999982e+04
5.797592149274000258e+04
5.797592195584999718e+04
5.797592240715999651e+04
5.797592285927999910e+04
5.797592331300999649e+04
5.797592378017999727e+04
5.797592424513999867e+04
5.797592469911000080e+04
5.797592515447000187e+04
5.797592560450000019e+04
5.797592606125000020e+04
5.797592651638000098e+04
5.797592698758999904e+04
5.797592744376000337e+04
5.797592789692000224e+04
5.798090421549999883e+04
5.798090466900000320e+04
5.798090511995999987e+04
5.798090557242999785e+04
5.798090602789999684e+04
5.798090648419000354e+04
5.798090693630999885e+04
5.798090739293999650e+04
5.798090784633000294e+04
5.798090829983999720e+04
5.798090875681000034e+04
5.798090921019999951e+04
5.798090966348000075e+04
5.798091011779999826e+04
5.798091056782999658e+04
5.798091102249999676e+04
5.798091147774000274e+04
5.798091193090000161e+04
5.798091238486999646e+04
5.798091284184999677e+04
5.798091329419999965e+04
5.798187555389999761e+04
5.798187600694000139e+04
5.798187645570000313e+04
5.798187690989999828e+04
5.798187736051999673e+04
5.798187781656999869e+04
5.798187827031000052e+04
5.798187872683000023e+04
5.798187918404000084e+04
5.798187963627000136e+04
5.798188009209000302e+04
5.798188055485999939e+04
5.798188101009999809e+04
5.798188146430000052e+04
5.798188192094000260e+04
5.798188237559999834e+04
5.798188282807000360e+04
5.798188328087999980e+04
5.798188373462000163e+04
5.798188418904999708e+04
5.798188464198000293e+04
5.798290998399000091e+04
5.798291044074000092e+04
5.798291089238999848e+04
5.798291134404000331e+04
5.798291179754999757e+04
5.798291225349000160e+04
5.798291270745999645e+04
5.798291316386000108e+04
5.798291361956999754e+04
5.798291407376999996e+04
5.798291452936000132e+04
5.798291498413999943e+04
5.798291543683000054e+04
5.798291589091999776e+04
5.798291634535000048e+04
5.798291679701000248e+04
5.798291724807999708e+04
5.798291770181999891e+04
5.798291815648999909e+04
5.798291860907000228e+04
5.798291906511999696e+04
5.798385246139000083e+04
5.798385291003000020e+04
5.798385336005999852e+04
5.798385381067999697e+04
5.798385426407000341e+04
5.798385471931000211e+04
5.798385517709999840e+04
5.798385563142000319e+04
5.798385608435000177e+04
5.798385653889999958e+04
5.798385699297999963e+04
5.798385744718000205e+04
5.798385790114999691e+04
5.798385835478000081e+04
5.798385880758999701e+04
5.798385926017000020e+04
5.798385971147999953e+04
5.798386016532999929e+04
5.798386062150000362e+04
5.798386107397000160e+04
5.798386152828000195e+04
5.798489880680000351e+04
5.798489926435999951e+04
5.798489971972000058e+04
5.798490017321999767e+04
5.798490062708000187e+04
5.798490107490999799e+04
5.798490153014999669e+04
5.798490198447000148e+04
5.798490243693999946e+04
5.798490289322000172e+04
5.798490334579999762e+04
5.798490380346999882e+04
5.798490425813999900e+04
5.798490471385000274e+04
5.798490516909000144e+04
5.798490562422000221e+04
5.798490607876000286e+04
5.798490653585999826e+04
5.798490699157000199e+04
5.798490744426000310e+04
5.798490789950999897e+04
5.798588578820000112e+04
5.798588624402999994e+04
5.798588669787000254e+04
5.798588714826000069e+04
5.798588759990999824e+04
5.798588805306999711e+04
5.798588850357000047e+04
5.798588895777000289e+04
5.798588941498000349e+04
5.798588986999000190e+04
5.798589032292000047e+04
5.798589077885999723e+04
5.798589123005000147e+04
5.798589168251999945e+04
5.798589213348000339e+04
5.798589258525000332e+04
5.798589303782999923e+04
5.798589349306999793e+04
5.798589394727000035e+04
5.798589439799999673e+04
5.798589486238999962e+04
5.798690820217999863e+04
5.798690865220999694e+04
5.798690910584000085e+04
5.798690955864999705e+04
5.798691001343000244e+04
5.798691046543999983e+04
5.798691091987000254e+04
5.798691137187000277e+04
5.798691182631000265e+04
5.798691227911999886e+04
5.798691273309000098e+04
5.798691318601999956e+04
5.798691363999000168e+04
5.798691409071999806e+04
5.798691454376999900e+04
5.798691499831999681e+04
5.798691545020999911e+04
5.798691590187000111e+04
5.798691635618000146e+04
5.798691680806999648e+04
5.798691726596999797e+04
5.798790854083000158e+04
5.798790899525999703e+04
5.798790944958000182e+04
5.798790990459000022e+04
5.798791035520999867e+04
5.798791080710000097e+04
5.798791126338000322e+04
5.798791172152000217e+04
5.798791217665000295e+04
5.798791262645000097e+04
5.798791307683999912e+04
5.798791354770999897e+04
5.798791400052000245e+04
5.798791446131999692e+04
5.798791491772999871e+04
5.798791537470999901e+04
5.798791583191999962e+04
5.798791628599999967e+04
5.798791674310000235e+04
5.798791720181999699e+04
5.798791765498000314e+04
5.798887848834000033e+04
5.798887894404999679e+04
5.798887940034000349e+04
5.798887985627000307e+04
5.798888030643000093e+04
5.798888075796000339e+04
5.798888122581999778e+04
5.798888167747999978e+04
5.798888212727999780e+04
5.798888258101999963e+04
5.798888303835000261e+04
5.798888349556000321e+04
5.798888394872000208e+04
5.798888440385000285e+04
5.798888485724000202e+04
5.798888531178999983e+04
5.798888576748999913e+04
5.798888622274000227e+04
5.798888667600999906e+04
5.798888712674000271e+04
5.798888757875000010e+04
5.798989365859999816e+04
5.798989411338000355e+04
5.798989457116999984e+04
5.798989502640999854e+04
5.798989549103000172e+04
5.798989594650000072e+04
5.798989640232999955e+04
5.798989685420999740e+04
5.798989730759999657e+04
5.798989776389000326e+04
5.798989821993999794e+04
5.798989867714999855e+04
5.798989913181999873e+04
5.798989958822000335e+04
5.798990004439000040e+04
5.798990049639000063e+04
5.798990095104999637e+04
5.798990140329000133e+04
5.798990185575000214e+04
5.798990230937000160e+04
5.798990276530999836e+04
5.799189598934999958e+04
5.799189644540999871e+04
5.799189690631999838e+04
5.799189735867000127e+04
5.799189780939999764e+04
5.799189826486999664e+04
5.799189872022999771e+04
5.799189917524000339e+04
5.799189963094999985e+04
5.799190008213999681e+04
5.799190053865999653e+04
5.799190099354999984e+04
5.799190144798999972e+04
5.799190189906000160e+04
5.799190235302999645e+04
5.799190280827999959e+04
5.799190326200999698e+04
5.799190371736999805e+04
5.799190417295999941e+04
5.799190462601000036e+04
5.799190507881999656e+04
5.799289125608999893e+04
5.799289171016999899e+04
5.799289216553000006e+04
5.799289261812000041e+04
5.799289307589999953e+04
5.799289352813999722e+04
5.799289397967999685e+04
5.799289443259999825e+04
5.799289488623000216e+04
5.799289534273999743e+04
5.799289579555999808e+04
5.799289624814000126e+04
5.799289670117999776e+04
5.799289715271999739e+04
5.799289760206000210e+04
5.799289805267000338e+04
5.799289850896000280e+04
5.799289896571000281e+04
5.799289941677999741e+04
5.799289987028999894e+04
5.799290032251999946e+04
5.800175416548999783e+04
5.800175462118999712e+04
5.800175507759999891e+04
5.800175553678000142e+04
5.800175599097999657e+04
5.800175644576000195e+04
5.800175689879999845e+04
5.800175735104000341e+04
5.800175780523999856e+04
5.800175825515999895e+04
5.800175871770000231e+04
5.800175917225000012e+04
5.800175962540999899e+04
5.800176007625000057e+04
5.800176053079999838e+04
5.800176098094999907e+04
5.800176143364999734e+04
5.800176188530999934e+04
5.800176234067000041e+04
5.800176279821999924e+04
5.800176324942000065e+04
5.800380205756999931e+04
5.800380252404000203e+04
5.800380297846999747e+04
5.800380343197999900e+04
5.800380388536999817e+04
5.800380433679000271e+04
5.800380478856999980e+04
5.800380524334000074e+04
5.800380569893999927e+04
5.800380615568999929e+04
5.800380660617999820e+04
5.800380705968999973e+04
5.800380751168999996e+04
5.800380796623999777e+04
5.800380841512000188e+04
5.800380886630999885e+04
5.800380932652999763e+04
5.800380978501999925e+04
5.800381023955999990e+04
5.800381069006000325e+04
5.800381114566000178e+04
5.800481754501999967e+04
5.800481800176999968e+04
5.800481845631999749e+04
5.800481891306000034e+04
5.800481936899999710e+04
5.800481982227999833e+04
5.800482028041000012e+04
5.800482073819999641e+04
5.800482119344999956e+04
5.800482164881000062e+04
5.800482210936999763e+04
5.800482256542999676e+04
5.800482302437000180e+04
5.800482347856999695e+04
5.800482392884000001e+04
5.800482438512999943e+04
5.800482483933000185e+04
5.800482529503000114e+04
5.800482574947000103e+04
5.800482620458999736e+04
5.800482666169000004e+04
5.801178862123999716e+04
5.801178929362999770e+04
5.801178975060999801e+04
5.801179020168999705e+04
5.801179065160999744e+04
5.801179110373000003e+04
5.801179155978000199e+04
5.801179201096999896e+04
5.801179246055000112e+04
5.801179291532999923e+04
5.801179336720999709e+04
5.801179382107000129e+04
5.801179427225999825e+04
5.801179472368000279e+04
5.801179518413999904e+04
5.801179563416999736e+04
5.801179608836999978e+04
5.801179653862999839e+04
5.801179699306999828e+04
5.801179744483999821e+04
5.801179790610000055e+04
5.801285983287999989e+04
5.801286028221999732e+04
5.801286073896999733e+04
5.801286118795999937e+04
5.801286164321000251e+04
5.801286209822000092e+04
5.801286254825999640e+04
5.801286300014000153e+04
5.801286345006999909e+04
5.801286390507999749e+04
5.801286435581000114e+04
5.801286481302000175e+04
5.801286526572000002e+04
5.801286571633000131e+04
5.801286616833000153e+04
5.801286662241999875e+04
5.801286707813000248e+04
5.801286753209999733e+04
5.801286798722999811e+04
5.801286843657000281e+04
5.801286889147000329e+04
5.801376886456999637e+04
5.801376931784999761e+04
5.801376977078000346e+04
5.801377022232000309e+04
5.801377068241999950e+04
5.801377113500000269e+04
5.801377159152000240e+04
5.801377204214000085e+04
5.801377249910999672e+04
5.801377295551000134e+04
5.801377341157000046e+04
5.801378214222999668e+04
5.801378259665999940e+04
5.801378305132999958e+04
5.801378351028000179e+04
5.801378396238999994e+04
5.801378441613000177e+04
5.801378486801999679e+04
5.801378532026000175e+04
5.801378577249000227e+04
5.801378622680999979e+04
5.801378670856000099e+04
5.801378716148999956e+04
5.801378761615000258e+04
5.801378806908000115e+04
5.801685410735000187e+04
5.801685455899999943e+04
5.801685501100999682e+04
5.801685547134999797e+04
5.801685592334999819e+04
5.801685637639000197e+04
5.801685683129000245e+04
5.801685728353000013e+04
5.801685773819000315e+04
5.801685819436000020e+04
5.801685864394000237e+04
5.801685910044999764e+04
5.801685955280000053e+04
5.801686000515000342e+04
5.801686046004999662e+04
5.801686091401999875e+04
5.801686136811000324e+04
5.801686182173000270e+04
5.801686227142000280e+04
5.801686272538999765e+04
5.801686318018000020e+04
5.801779846764000104e+04
5.801779892056999961e+04
5.801779937418999907e+04
5.801779982734999794e+04
5.801780027818999952e+04
5.801780073273999733e+04
5.801780118313000276e+04
5.801780163639999955e+04
5.801780209350000223e+04
5.801780255267999746e+04
5.801780300179000187e+04
5.801780345331999706e+04
5.801780390857000020e+04
5.801780436231000203e+04
5.801780481454000255e+04
5.801780526539000130e+04
5.801780572212999687e+04
5.801780617494999751e+04
5.801780662440000015e+04
5.801780708079999749e+04
5.801780754136999894e+04
5.801983854990999680e+04
5.801983900574000290e+04
5.801983946352999919e+04
5.801983991286999662e+04
5.801984037679000176e+04
5.801984082822000346e+04
5.801984128508000140e+04
5.801984174078999786e+04
5.801984219869999652e+04
5.801984265312999923e+04
5.801984310710000136e+04
5.801984356372999900e+04
5.801984401642999728e+04
5.801984447294999700e+04
5.801984492494999722e+04
5.801984537881000142e+04
5.801984583197000029e+04
5.801984628292999696e+04
5.801984673551000014e+04
5.801984718786000303e+04
5.801984763858999941e+04
5.802087843925999914e+04
5.802087888999000279e+04
5.802087933922000229e+04
5.802087979133999761e+04
5.802088024692999898e+04
5.802088071502000093e+04
5.802088117177000095e+04
5.802088162226999702e+04
5.802088207774000330e+04
5.802088252823999937e+04
5.802088297874000273e+04
5.802088342992999969e+04
5.802088388518000284e+04
5.802088433729999815e+04
5.802088479022999672e+04
5.802088524385000346e+04
5.802088570025000081e+04
5.802088615318999655e+04
5.802088660507000168e+04
5.802088705463999941e+04
5.802088750468000217e+04
5.802269897882000078e+04
5.802269943048000277e+04
5.802269988341000135e+04
5.802270035554999777e+04
5.802270080882999900e+04
5.802270125956000265e+04
5.802270171341999958e+04
5.802270216819999769e+04
5.802270262250999804e+04
5.802270307671999763e+04
5.802270353253999929e+04
5.802270398720999947e+04
5.802270444221999787e+04
5.802270489595999970e+04
5.802270534575999773e+04
5.802270580008000252e+04
5.802270896527000150e+04
5.802270941634000337e+04
5.802270987112000148e+04
5.802271032266000111e+04
5.802271077350999985e+04
5.802575636341000063e+04
5.802575681448999967e+04
5.802575726833999943e+04
5.802575772265999694e+04
5.802575817349999852e+04
5.802575862539000082e+04
5.802575907751000341e+04
5.802575953078000020e+04
5.802575998648999666e+04
5.802576043757000298e+04
5.802576088829999935e+04
5.802576134145999822e+04
5.802576180236999789e+04
5.802576226478999888e+04
5.802576271817999805e+04
5.802576317933000246e+04
5.802576363388000027e+04
5.802576408415000333e+04
5.802576453557000059e+04
5.802576498664999963e+04
5.802576543911000044e+04
5.802773480348999874e+04
5.802773525826999685e+04
5.802773570946000109e+04
5.802773616608999873e+04
5.802773662098999921e+04
5.802773707137000019e+04
5.802773752417999640e+04
5.802773798671999975e+04
5.802773844103000010e+04
5.802773889303000033e+04
5.802773934295000072e+04
5.802773979564999900e+04
5.802774025170000095e+04
5.802774070498000219e+04
5.802774115791000077e+04
5.802774161025999638e+04
5.802774206203000358e+04
5.802774251425999682e+04
5.802774296835000132e+04
5.802774342474999867e+04
5.802774387664000096e+04
5.802777082882000104e+04
5.802777128303000063e+04
5.802777173837999726e+04
5.802777219224000146e+04
5.802777264643999661e+04
5.802777310040999873e+04
5.802777357579999807e+04
5.802777402560000337e+04
5.802777448061000177e+04
5.802777493354000035e+04
5.802777538936000201e+04
5.802777584124999703e+04
5.802777629591000004e+04
5.802777675196000200e+04
5.802777720142000180e+04
5.802777765445999830e+04
5.802777811202000157e+04
5.802777858114999981e+04
5.802777903397000046e+04
5.802777950240999780e+04
5.802777995904000272e+04
5.802871170857999823e+04
5.802871216185000230e+04
5.802871261234999838e+04
5.802871306770999945e+04
5.802871352502999798e+04
5.802871397576000163e+04
5.802871444640000118e+04
5.802871489655000187e+04
5.802871534588999930e+04
5.802871579603999999e+04
5.802871624654000334e+04
5.802871669970000221e+04
5.802871715424000286e+04
5.802871760914000333e+04
5.802871806379999907e+04
5.802871851718999824e+04
5.802871897082000214e+04
5.802871942085000046e+04
5.802871987342999637e+04
5.802872032323000167e+04
5.802872077985999931e+04
5.802970125107999775e+04
5.802970171267999831e+04
5.802970216770000116e+04
5.802970262119999825e+04
5.802970307771999796e+04
5.802970353318999696e+04
5.802970398705000116e+04
5.802970444170999690e+04
5.802970489834000182e+04
5.802970535497999663e+04
5.802970580963999964e+04
5.802970626037000329e+04
5.802970671225000115e+04
5.802970716702999925e+04
5.802970762390000164e+04
5.802970807497000351e+04
5.802970852675000060e+04
5.802970898186999693e+04
5.802970943571999669e+04
5.802970988958000089e+04
5.802971034944999701e+04
5.803269206870999915e+04
5.803269252278999920e+04
5.803269297560999985e+04
5.803269342910999694e+04
5.803269388320000144e+04
5.803269433728999866e+04
5.803269478708999668e+04
5.803269524290999834e+04
5.803269569734000106e+04
5.803269616046000010e+04
5.803269661407999956e+04
5.803269706271999894e+04
5.803269751715999882e+04
5.803269797518000269e+04
5.803269842521000101e+04
5.803269888276999700e+04
5.803269933524000226e+04
5.803269978932000231e+04
5.803270024248000118e+04
5.803270069425000111e+04
5.803270115077000082e+04
5.803369416107000143e+04
5.803369461110999691e+04
5.803369506184000056e+04
5.803369551256999694e+04
5.803369596920000185e+04
5.803369642131999717e+04
5.803369687841999985e+04
5.803369733239000197e+04
5.803369779156999721e+04
5.803369824751000124e+04
5.803369870148000336e+04
5.803369915313000092e+04
5.803369960698999785e+04
5.803370006026000192e+04
5.803370051180000155e+04
5.803370096578000084e+04
5.803370141696999781e+04
5.803370187058999727e+04
5.803370232004999707e+04
5.803370277298000292e+04
5.803370322313000361e+04
5.804373852048000117e+04
5.804373897189999843e+04
5.804373942135999823e+04
5.804373987648999901e+04
5.804374032779000117e+04
5.804374077968000347e+04
5.804374123122000310e+04
5.804374168217999977e+04
5.804374213325999881e+04
5.804374258712000301e+04
5.804374303912000323e+04
5.804374349541000265e+04
5.804374395204000029e+04
5.804374441595999815e+04
5.804374486692999926e+04
5.804374532216999796e+04
5.804374577498000144e+04
5.804374622849000298e+04
5.804374668050000037e+04
5.804374713088000135e+04
5.804374758439000288e+04
5.804467742993000138e+04
5.804467788134999864e+04
5.804467833334999887e+04
5.804467878791000112e+04
5.804467924499999936e+04
5.804467969643000106e+04
5.804468015179000213e+04
5.804468060171000252e+04
5.804468105474999902e+04
5.804468151092000335e+04
5.804468196188000002e+04
5.804468241793999914e+04
5.804468287433999649e+04
5.804468332437999925e+04
5.804468377614999918e+04
5.804468423672000063e+04
5.804468468836999818e+04
5.804468514200000209e+04
5.804468559608000214e+04
5.804468604739000148e+04
5.804468650471999717e+04
5.804468763813999976e+04
5.804468809129999863e+04
5.804468854342000122e+04
5.804468899855000200e+04
5.804468945309999981e+04
5.804468990314000257e+04
5.804469035329000326e+04
5.804469080887999735e+04
5.804469127188000130e+04
5.804469173012999818e+04
5.804469218525999895e+04
5.804469263795999723e+04
5.804469309423999948e+04
5.804469355042000097e+04
5.804469402244000230e+04
5.804469447837999905e+04
5.804469495052999991e+04
5.804469540473000234e+04
5.804469585499999812e+04
5.804469630688000325e+04
5.804469676015999721e+04
5.804575444527999935e+04
5.804575489692999690e+04
5.804575534627999878e+04
5.804575580094000179e+04
5.804575625561000197e+04
5.804575671049999801e+04
5.804575716064999870e+04
5.804575761126999714e+04
5.804575806177000050e+04
5.804575851875000080e+04
5.804575897226000234e+04
5.804575942195000243e+04
5.804575987452999834e+04
5.804576032919000136e+04
5.804576078201000200e+04
5.804576123668000218e+04
5.804576168914000300e+04
5.804576214287999755e+04
5.804576259731999744e+04
5.804576304758000333e+04
5.804576350444999844e+04
5.804670419568999932e+04
5.804670465105000039e+04
5.804670510571000341e+04
5.804670555656000215e+04
5.804670602048999717e+04
5.804670648336999875e+04
5.804670693698999821e+04
5.804670740949000174e+04
5.804670786450000014e+04
5.804670833547999791e+04
5.804670879316000355e+04
5.804670924412000022e+04
5.804670969311999943e+04
5.804671015253000223e+04
5.804671060394999949e+04
5.804671106092999980e+04
5.804671151362999808e+04
5.804671196516999771e+04
5.804671242122999683e+04
5.804671287439000298e+04
5.804671332488999906e+04
5.804868677539000055e+04
5.804868722600000183e+04
5.804868767928000307e+04
5.804868813221000164e+04
5.804868858467000246e+04
5.804868903493999824e+04
5.804868949840000278e+04
5.804868994763000228e+04
5.804869040877999942e+04
5.804869086077999964e+04
5.804869131509999715e+04
5.804869177404999937e+04
5.804869222882999748e+04
5.804869268071999977e+04
5.804869313190999674e+04
5.804869359016000089e+04
5.804869404216999828e+04
5.804869449544000236e+04
5.804869495183999970e+04
5.804869540316000348e+04
5.804869585435000045e+04
5.804965819937000197e+04
5.804965865253000084e+04
5.804965910846999759e+04
5.804965956140000344e+04
5.804966001826000138e+04
5.804966046875999746e+04
5.804966092075999768e+04
5.804966137449999951e+04
5.804966182696999749e+04
5.804966228116999991e+04
5.804966273571999773e+04
5.804966319479000231e+04
5.804966364852999686e+04
5.804966410121999797e+04
5.804966455080000014e+04
5.804966501229000278e+04
5.804966547043000173e+04
5.804966592035000212e+04
5.804966637582999829e+04
5.804966683431000274e+04
5.804966728493000119e+04
5.805064096104999771e+04
5.805064141468000162e+04
5.805064186483000231e+04
5.805064231868000206e+04
5.805064277150000271e+04
5.805064322731999710e+04
5.805064367653999943e+04
5.805064412866999919e+04
5.805064458043999912e+04
5.805064503279000201e+04
5.805064548572000058e+04
5.805064594131000194e+04
5.805064639550999709e+04
5.805064684727999702e+04
5.805064729893999902e+04
5.805064775511000335e+04
5.805064820850000251e+04
5.805064866292999795e+04
5.805064911597999890e+04
5.805064956682000047e+04
5.805065002252999693e+04
5.805165606873000070e+04
5.805165651898999931e+04
5.805165697227000055e+04
5.805165743076000217e+04
5.805165788032999990e+04
5.805165833453000232e+04
5.805165878897000221e+04
5.805165924478999659e+04
5.805165969587000291e+04
5.805166014983999776e+04
5.805166060485000344e+04
5.805166105522999715e+04
5.805166151256000012e+04
5.805166196653000225e+04
5.805166241876999993e+04
5.805166287089000252e+04
5.805166332033999788e+04
5.805166377048999857e+04
5.805166422330999922e+04
5.805166467484999885e+04
5.805166512697000144e+04
5.805682496168000216e+04
5.805682541517999925e+04
5.805682586764000007e+04
5.805682632010999805e+04
5.805682677569999942e+04
5.805682722734999697e+04
5.805682767877999868e+04
5.805682813401999738e+04
5.805682859181000094e+04
5.805682904704999964e+04
5.805682950205999805e+04
5.805682995290999679e+04
5.805683040849999816e+04
5.805683086478000041e+04
5.805683131898000283e+04
5.805683177271999739e+04
5.805683222738999757e+04
5.805683268574999965e+04
5.805683314052999776e+04
5.805683359160999680e+04
5.805683404858999711e+04
5.805779144492000341e+04
5.805779189959000360e+04
5.805779235088999849e+04
5.805779280150999693e+04
5.805779325512999640e+04
5.805779370747999928e+04
5.805779415855000116e+04
5.805779461252000328e+04
5.805779506707000110e+04
5.805779552254999726e+04
5.805779597849000129e+04
5.805779643082999974e+04
5.805779688283999712e+04
5.805779733947000204e+04
5.805779779204999795e+04
5.805779824486000143e+04
5.805779869928999688e+04
5.805779915372999676e+04
5.805779961105000257e+04
5.805780006652999873e+04
5.805780052640000213e+04
5.805883439073000045e+04
5.805883484666999721e+04
5.805883529971000098e+04
5.805883575310000015e+04
5.805883621321000101e+04
5.805883666809999704e+04
5.805883711986999697e+04
5.805883757442000206e+04
5.805883802873999957e+04
5.805883848178000335e+04
5.805883894188999693e+04
5.805883939354000177e+04
5.805883985029000178e+04
5.805884030506999989e+04
5.805884075822999876e+04
5.805884121081000194e+04
5.805884166687000106e+04
5.805884211643999879e+04
5.805884256843999901e+04
5.805884302367999771e+04
5.805884347764999984e+04
5.806084984760000225e+04
5.806085030387999723e+04
5.806085077034999995e+04
5.806085122132000106e+04
5.806085167737000302e+04
5.806085213053000189e+04
5.806085258762000012e+04
5.806085303951000242e+04
5.806085348989000340e+04
5.806085394490999897e+04
5.806085439783000038e+04
5.806085485481000069e+04
5.806085530912999820e+04
5.806085576391000359e+04
5.806085621718999755e+04
5.806085667359000217e+04
5.806085712675000104e+04
5.806085757898000156e+04
5.806085803294999641e+04
5.806085848414000066e+04
5.806085893868999847e+04
5.806183370899999863e+04
5.806183417072000157e+04
5.806183462215000327e+04
5.806183507449999888e+04
5.806183552926999982e+04
5.806183598568000161e+04
5.806183643512999697e+04
5.806183689071999834e+04
5.806183734422999987e+04
5.806183779669000069e+04
5.806183825436999905e+04
5.806183870844999910e+04
5.806183915942000021e+04
5.806183961326999997e+04
5.806184006735000003e+04
5.806184052132000215e+04
5.806184097540999937e+04
5.806184142995999719e+04
5.806184187917999952e+04
5.806184233281000343e+04
5.806184278736000124e+04
5.806385235513999942e+04
5.806385280644999875e+04
5.806385326355000143e+04
5.806385371578000195e+04
5.806385416698000336e+04
5.806385462292000011e+04
5.806385507525999856e+04
5.806385552866000216e+04
5.806385598112000298e+04
5.806385643336000066e+04
5.806385688397000195e+04
5.806385734003000107e+04
5.806385778890000074e+04
5.806385824126000080e+04
5.806385869349000131e+04
5.806385914490999858e+04
5.806385959923000337e+04
5.806386004985000181e+04
5.806386051423999743e+04
5.806386097318000247e+04
5.806386142542000016e+04
5.806772480137999810e+04
5.806772525383999891e+04
5.806772570585000358e+04
5.806772619013999793e+04
5.806772664272999828e+04
5.806772709508000116e+04
5.806772754973999690e+04
5.806772800591000123e+04
5.806772845942000276e+04
5.806772891432000324e+04
5.806772936609000317e+04
5.806772981971999980e+04
5.806773027264000120e+04
5.806773072603999753e+04
5.806773117584000283e+04
5.806773162621999654e+04
5.806773208018999867e+04
5.806773253554999974e+04
5.806773298847999831e+04
5.806773344188000192e+04
5.806773389260999829e+04
5.807069136258000071e+04
5.807069181655000284e+04
5.807069226704999892e+04
5.807069272970000020e+04
5.807069318737999856e+04
5.807069365767000272e+04
5.807069411175999994e+04
5.807069456457000342e+04
5.807069501519000187e+04
5.807069546892999642e+04
5.807069591953999770e+04
5.807069637258999865e+04
5.807069682343000022e+04
5.807069727845000307e+04
5.807069773277000058e+04
5.807069818441999814e+04
5.807069863595999777e+04
5.807069909283000015e+04
5.807069954749000317e+04
5.807070000122999772e+04
5.807070045370000298e+04
5.807164244696999958e+04
5.807164290104999964e+04
5.807164335189999838e+04
5.807164380610000080e+04
5.807164425764000043e+04
5.807164471729000070e+04
5.807164517496000190e+04
5.807164563194000220e+04
5.807164608567999676e+04
5.807164653571999952e+04
5.807164699062000000e+04
5.807164745117999701e+04
5.807164790468999854e+04
5.807164835530999699e+04
5.807164881102000072e+04
5.807164927308999904e+04
5.807164973042000202e+04
5.807165018022000004e+04
5.807165063360999920e+04
5.807165108815999702e+04
5.807165154399000312e+04
5.807265230739000253e+04
5.807265275904000009e+04
5.807265321162000328e+04
5.807265366373999859e+04
5.807265411609000148e+04
5.807265456763000111e+04
5.807265501824999956e+04
5.807265547441999661e+04
5.807265592815999844e+04
5.807265637843000150e+04
5.807265683320999960e+04
5.807265728613999818e+04
5.807265774080000119e+04
5.807265819408000243e+04
5.807265865083000244e+04
5.807265911185999721e+04
5.807265958389000298e+04
5.807266003613000066e+04
5.807266049172000203e+04
5.807266095043999667e+04
5.807266140024000197e+04
5.807384340327000245e+04
5.807384385689000192e+04
5.807384430866999901e+04
5.807384476264000114e+04
5.807384521441000106e+04
5.807384566479000205e+04
5.807384612350999669e+04
5.807384657701999822e+04
5.807384703109999828e+04
5.807384748357000353e+04
5.807384793801000342e+04
5.807384839058999933e+04
5.807384884317000251e+04
5.807384929389999888e+04
5.807384974925999995e+04
5.807385020323000208e+04
5.807385065639000095e+04
5.807385110931999952e+04
5.807385156085999915e+04
5.807385201414000039e+04
5.807385247007999715e+04
5.807458952791999764e+04
5.807458998085000349e+04
5.807459043227999791e+04
5.807459088879999763e+04
5.807459134474000166e+04
5.807459179581000353e+04
5.807459225336999953e+04
5.807459270700000343e+04
5.807459315760999743e+04
5.807459361180999986e+04
5.807459406196000054e+04
5.807459451326999988e+04
5.807459496562999993e+04
5.807459541727999749e+04
5.807459587519000343e+04
5.807459632615000010e+04
5.807459677722999913e+04
5.807459724496999843e+04
5.807459769837000204e+04
5.807459815315000014e+04
5.807459860573000333e+04
5.807556013006000285e+04
5.807556058206000307e+04
5.807556103499000164e+04
5.807556148606000352e+04
5.807556193737000285e+04
5.807556239053000172e+04
5.807556284612000309e+04
5.807556329476999963e+04
5.807556374689000222e+04
5.807556420896000054e+04
5.807556465980000212e+04
5.807556511376999697e+04
5.807556556391999766e+04
5.807556601604000025e+04
5.807556646781000018e+04
5.807556692073999875e+04
5.807556737296999927e+04
5.807556782463000127e+04
5.807556827953000175e+04
5.807556873441999778e+04
5.807556918492000113e+04
5.807663365391000116e+04
5.807663411482999800e+04
5.807663457169000321e+04
5.807663502380999853e+04
5.807663548299000104e+04
5.807663593591999961e+04
5.807663639254999725e+04
5.807663684616999672e+04
5.807663730234000104e+04
5.807663775642999826e+04
5.807663820901000145e+04
5.807663866309000150e+04
5.807663911915000062e+04
5.807663957358000334e+04
5.807664002720000281e+04
5.807664047769999888e+04
5.807664093398000114e+04
5.807664138795000326e+04
5.807664184157000273e+04
5.807664229740000155e+04
5.807664275390999683e+04
5.807769724657000188e+04
5.807769770239000354e+04
5.807769815671000106e+04
5.807769861264000065e+04
5.807769906510999863e+04
5.807769951710999885e+04
5.807769996645000356e+04
5.807770041556000069e+04
5.807770087264999893e+04
5.807770132696999644e+04
5.807770178221000242e+04
5.807770223606999934e+04
5.807770268968999881e+04
5.807770314551000047e+04
5.807770359705000010e+04
5.807770404892999795e+04
5.807770449861999805e+04
5.807770495051000034e+04
5.807770540471000277e+04
5.807770585566999944e+04
5.807770631056999991e+04
5.807855518732000201e+04
5.807855563838999660e+04
5.807855609410000034e+04
5.807855655038000259e+04
5.807855700677999994e+04
5.807855746006000118e+04
5.807855791611000313e+04
5.807855836730000010e+04
5.807855882220000058e+04
5.807855927489000169e+04
5.807855973175999679e+04
5.807856018595999922e+04
5.807856063621999783e+04
5.807856109262999962e+04
5.807856154647999938e+04
5.807856199755999842e+04
5.807856244898000296e+04
5.807856290515000001e+04
5.807856335830999888e+04
5.807856381864000286e+04
5.807856427354000334e+04
5.807969446426999639e+04
5.807969491777999792e+04
5.807969536851000157e+04
5.807969581923000078e+04
5.807969627587000286e+04
5.807969672670999717e+04
5.807969718252999883e+04
5.807969763314999727e+04
5.807969808863000071e+04
5.807969854166999721e+04
5.807969900072999735e+04
5.807969945110999834e+04
5.807969990300000063e+04
5.807970035674000246e+04
5.807970081047999702e+04
5.807970126988999982e+04
5.807970171957999992e+04
5.807970217586000217e+04
5.807970262868000282e+04
5.807970307917999889e+04
5.807970353025000077e+04
5.808060413605999929e+04
5.808060458713999833e+04
5.808060504134000075e+04
5.808060549334000098e+04
5.808060594662000221e+04
5.808060640337000223e+04
5.808060685710999678e+04
5.808060731338999904e+04
5.808060776517000340e+04
5.808060822701000143e+04
5.808060867958999734e+04
5.808060913160000200e+04
5.808060958556999685e+04
5.808061003688000346e+04
5.808061049397000170e+04
5.808061095223000302e+04
5.808061141579999821e+04
5.808061186815000110e+04
5.808061231784000120e+04
5.808061277053999947e+04
5.808061322243000177e+04
5.808156890618000034e+04
5.808156936062000023e+04
5.808156981297000311e+04
5.808157026184999995e+04
5.808157071223000094e+04
5.808157116480999684e+04
5.808157161923999956e+04
5.808157206962999771e+04
5.808157252464000339e+04
5.808157297549000214e+04
5.808157342875999893e+04
5.808157388214999810e+04
5.808157433635999769e+04
5.808157479066999804e+04
5.808157524997000291e+04
5.808157570162000047e+04
5.808157615641000302e+04
5.808157660621000105e+04
5.808157706214999780e+04
5.808157751542999904e+04
5.808157796591999795e+04
5.808257426853999641e+04
5.808257472239000344e+04
5.808257517324000219e+04
5.808257562802000029e+04
5.808257608348999929e+04
5.808257654059000197e+04
5.808257699734000198e+04
5.808257745165999950e+04
5.808257790424000268e+04
5.808257835717000125e+04
5.808257881449999695e+04
5.808257926453000255e+04
5.808257972752999922e+04
5.808258018219999940e+04
5.808258063211999979e+04
5.808258108470000298e+04
5.808258153612000024e+04
5.808258199032999983e+04
5.808258244371999899e+04
5.808258290637000027e+04
5.808258335583000007e+04
5.809678393776000303e+04
5.809678439057999640e+04
5.809678484131000005e+04
5.809678531010999723e+04
5.809678576084000088e+04
5.809678621620999911e+04
5.809678667075999692e+04
5.809678712149000057e+04
5.809678757372999826e+04
5.809678802642999653e+04
5.809678848411000217e+04
5.809678893542000151e+04
5.809678939125000034e+04
5.809678984245000174e+04
5.809679029456999706e+04
5.809679074553999817e+04
5.809679119638999691e+04
5.809679165174999798e+04
5.809679210143999808e+04
5.809679255646000092e+04
5.809679300823000085e+04
5.809884445155000139e+04
5.809884490366999671e+04
5.809884535776000121e+04
5.809884581289000198e+04
5.809884626431999641e+04
5.809884671946000162e+04
5.809884717388999707e+04
5.809884764292000182e+04
5.809884809585000039e+04
5.809884854692999943e+04
5.809884900056000333e+04
5.809884945395999966e+04
5.809884990572999959e+04
5.809885035647000041e+04
5.809885080674000346e+04
5.809885125562000030e+04
5.809885170947999723e+04
5.809885216380000202e+04
5.809885261326000182e+04
5.809885306654000306e+04
5.809885352039999998e+04
5.810456283447999886e+04
5.810456328937999933e+04
5.810456374127999879e+04
5.810456419722000282e+04
5.810456465118999768e+04
5.810456510469999921e+04
5.810456555392999871e+04
5.810456600571000308e+04
5.810456645967999793e+04
5.810456691100000171e+04
5.810456736092000210e+04
5.810456781223000144e+04
5.810456826436000119e+04
5.810456871415999922e+04
5.810456916813999851e+04
5.810456961828999920e+04
5.810457007226999849e+04
5.810457053353000083e+04
5.810457098669999687e+04
5.810457144241000060e+04
5.810457189834999735e+04
5.810551175358999899e+04
5.810551220813999680e+04
5.810551266223000130e+04
5.810551311423999869e+04
5.810551356844000111e+04
5.810551402080000116e+04
5.810551447385000210e+04
5.810551492516000144e+04
5.810551537485000154e+04
5.810551583126000332e+04
5.810551628778000304e+04
5.810551673886000208e+04
5.810551719515000150e+04
5.810551764877999813e+04
5.810551810495000245e+04
5.810551855719000014e+04
5.810551900862000184e+04
5.810551946421000321e+04
5.810551992014999996e+04
5.810552037261999794e+04
5.810552083262000087e+04
5.810653783351000311e+04
5.810653828482999961e+04
5.810653873521000060e+04
5.810653919116000179e+04
5.810653964455000096e+04
5.810654009806000249e+04
5.810654055273000267e+04
5.810654100856000150e+04
5.810654147029000160e+04
5.810654192496000178e+04
5.810654237847000331e+04
5.810654283243999816e+04
5.810654328826999699e+04
5.810654373923999810e+04
5.810654418915999850e+04
5.810654464302000270e+04
5.810654509618000156e+04
5.810654554692000238e+04
5.810654600285999913e+04
5.810654645729999902e+04
5.810654690791000030e+04
5.810753942737000034e+04
5.810753988122999726e+04
5.810754033185000299e+04
5.810754078339999978e+04
5.810754124141999637e+04
5.810754169481999998e+04
5.810754214890999720e+04
5.810754260451000300e+04
5.810754305906000081e+04
5.810754351234000205e+04
5.810754396955999982e+04
5.810754442677000043e+04
5.810754488247999689e+04
5.810754533773000003e+04
5.810754579240000021e+04
5.810754624429000251e+04
5.810754669468000066e+04
5.810754714401999809e+04
5.810754759637999814e+04
5.810754805220999697e+04
5.810754850352000358e+04
5.810754917880999710e+04
5.810754963336999936e+04
5.810755008595000254e+04
5.810755053657000099e+04
5.810755099296999833e+04
5.810755144545000076e+04
5.810755189629999950e+04
5.810755234888000268e+04
5.810755280320000020e+04
5.810755325938000169e+04
5.810755371184999967e+04
5.810755416536000121e+04
5.810755462014999648e+04
5.810755507111000043e+04
5.810755552519999765e+04
5.810755598196000210e+04
5.810755645132999780e+04
5.810755690542000229e+04
5.810755736125000112e+04
5.810755781336999644e+04
5.810755826838999928e+04
5.810883882011000242e+04
5.810883927085000323e+04
5.810883972077000362e+04
5.810884017219999805e+04
5.810884062778999942e+04
5.810884108222999930e+04
5.810884153469999728e+04
5.810884198705999734e+04
5.810884244218999811e+04
5.810884289326999715e+04
5.810884334482000122e+04
5.810884379648000322e+04
5.810884424802000285e+04
5.810884469818000071e+04
5.810884515331000148e+04
5.810884560241999861e+04
5.810884605536000163e+04
5.810884650724999665e+04
5.810884696157000144e+04
5.810884741611999925e+04
5.810884787068000151e+04
5.810953308552999806e+04
5.810953353868999693e+04
5.810953399000000354e+04
5.810953444514000148e+04
5.810953489622000052e+04
5.810953535192999698e+04
5.810953580324000359e+04
5.810953625859999738e+04
5.810953671015000145e+04
5.810953716308000003e+04
5.810953761554999801e+04
5.810953807033000339e+04
5.810953852408000239e+04
5.810953897423000308e+04
5.810953942739999911e+04
5.810953988437999942e+04
5.810954033986000286e+04
5.810954079521999665e+04
5.810954125082000246e+04
5.810954170675999922e+04
5.810954215865000151e+04
5.811060545029000059e+04
5.811060590473000047e+04
5.811060635834999994e+04
5.811060681024999940e+04
5.811060726224999962e+04
5.811060771889000171e+04
5.811060816835000151e+04
5.811060862081999949e+04
5.811060907479000161e+04
5.811060952818999795e+04
5.811060997984999995e+04
5.811061043439999776e+04
5.811061088547999680e+04
5.811061133459000121e+04
5.811061178949000168e+04
5.811061224114999641e+04
5.811061269627999718e+04
5.811061314770999888e+04
5.811061360851999780e+04
5.811061405958999967e+04
5.811061451415000192e+04
5.811172062890999950e+04
5.811172108126000239e+04
5.811172153511999932e+04
5.811172198943999683e+04
5.811172244086999854e+04
5.811172288998000295e+04
5.811172334047999902e+04
5.811172379294999701e+04
5.811172424576999765e+04
5.811172469730999728e+04
5.811172514978000254e+04
5.811172560166999756e+04
5.811172605484000087e+04
5.811172650846000033e+04
5.811172696059000009e+04
5.811172741038999811e+04
5.811172786297999846e+04
5.811172831775999657e+04
5.811172876815000200e+04
5.811172922478999681e+04
5.811172967921999953e+04
5.811654016891000356e+04
5.811654062474000239e+04
5.811654107779000333e+04
5.811654152933000296e+04
5.811654198134000035e+04
5.811654243762999977e+04
5.811654288813000312e+04
5.811654334199000004e+04
5.811654379445999803e+04
5.811654424670000299e+04
5.811654470114000287e+04
5.811654515338000056e+04
5.811654560735000268e+04
5.811654606526000134e+04
5.811654651737999666e+04
5.811654696880999836e+04
5.811654742162999901e+04
5.811654787699000008e+04
5.811654833084999700e+04
5.811654878610000014e+04
5.811654923799000244e+04
5.811755382703000214e+04
5.811755428170000232e+04
5.811755473950000305e+04
5.811755518987999676e+04
5.811755563899999834e+04
5.811755609124000330e+04
5.811755654301000322e+04
5.811755700231000083e+04
5.811755745246999868e+04
5.811755790423999861e+04
5.811755835625000327e+04
5.811755881021999812e+04
5.811755926511999860e+04
5.811755971550999675e+04
5.811756017168000108e+04
5.811756062647000363e+04
5.811756108056000085e+04
5.811756153523000103e+04
5.811756199047999689e+04
5.811756244213999889e+04
5.811756289634000132e+04
5.811854527907000011e+04
5.811854573188000359e+04
5.811854618261999713e+04
5.811854663648000133e+04
5.811854708594000112e+04
5.811854754130000219e+04
5.811854799515999912e+04
5.811854845028999989e+04
5.811854890577000333e+04
5.811854935813000338e+04
5.811854980967000301e+04
5.811855026040999655e+04
5.811855071263999707e+04
5.811855116858999827e+04
5.811855162197999744e+04
5.811855207653999969e+04
5.811855253108999750e+04
5.811855298877000314e+04
5.811855344367000362e+04
5.811855390089000139e+04
5.811855435174000013e+04
5.811954629838000255e+04
5.811954675085000054e+04
5.811954720100000122e+04
5.811954765220000263e+04
5.811954810906999774e+04
5.811954856245999690e+04
5.811954901735999738e+04
5.811954947099000128e+04
5.811954992669999774e+04
5.811955037684999843e+04
5.811955085652999696e+04
5.811955130980000104e+04
5.811955176355000003e+04
5.811955221521000203e+04
5.811955266791000031e+04
5.811955311783000070e+04
5.811955356798000139e+04
5.811955401986999641e+04
5.811955447060999722e+04
5.811955492308000248e+04
5.811955537832000118e+04
5.812065236646999983e+04
5.812065282427000056e+04
5.812065327534999960e+04
5.812065372966999712e+04
5.812065418653999950e+04
5.812065464154999790e+04
5.812065509217000363e+04
5.812065554451999924e+04
5.812065599977000238e+04
5.812065646079999715e+04
5.812065691350000270e+04
5.812065736458999891e+04
5.812065781520000019e+04
5.812065826871000172e+04
5.812065872454000055e+04
5.812065918001999671e+04
5.812065962913000112e+04
5.812066008542000054e+04
5.812066054194000026e+04
5.812066099822999968e+04
5.812066145243000210e+04
5.812153462266000133e+04
5.812153508080000029e+04
5.812153553639999882e+04
5.812153599396000209e+04
5.812153644724000333e+04
5.812153689912999835e+04
5.812153734986000200e+04
5.812153780291000294e+04
5.812153825884999969e+04
5.812153871097999945e+04
5.812153916703000141e+04
5.812153962424999918e+04
5.812154007544000342e+04
5.812154052848999709e+04
5.812154097934000310e+04
5.812154143469999690e+04
5.812154188913999678e+04
5.812154234392000217e+04
5.812154279512000357e+04
5.812154324978999648e+04
5.812154370526999992e+04
5.812255691556000238e+04
5.812255736536999757e+04
5.812255782350999652e+04
5.812255827714000043e+04
5.812255874210999900e+04
5.812255919562000054e+04
5.812255965155999729e+04
5.812256013423999684e+04
5.812256059007000295e+04
5.812256104682000296e+04
5.812256150322999747e+04
5.812256195871000091e+04
5.812256240840000100e+04
5.812256285935999767e+04
5.812256331518999650e+04
5.812256376928000100e+04
5.812256422185999691e+04
5.812256467479000275e+04
5.812256512413999735e+04
5.812256557556999906e+04
5.812256603013000131e+04
5.812353884680000192e+04
5.812353929752999829e+04
5.812353975116000220e+04
5.812354020524999942e+04
5.812354066212000180e+04
5.812354112003000046e+04
5.812354157596999721e+04
5.812354203145000065e+04
5.812354248530999757e+04
5.812354293743000017e+04
5.812354338804999861e+04
5.812354384271999879e+04
5.812354429379999783e+04
5.812354474556000059e+04
5.812354519561000052e+04
5.812354564994000248e+04
5.812354610402999970e+04
5.812354655974000343e+04
5.812354701162999845e+04
5.812354746144000092e+04
5.812354791934999957e+04
5.812462577862999751e+04
5.812462622843000281e+04
5.812462668252000003e+04
5.812462713591999636e+04
5.812462759394999739e+04
5.812462804953999876e+04
5.812462850061999779e+04
5.812462895274000039e+04
5.812462940173999959e+04
5.812462985248000041e+04
5.812463030887999776e+04
5.812463076089000242e+04
5.812463121035000222e+04
5.812463166155000363e+04
5.812463211621999653e+04
5.812463257331999921e+04
5.812463302508999914e+04
5.812463347467000131e+04
5.812463392678999662e+04
5.812463439952000044e+04
5.812463485801000206e+04
5.812578188209999644e+04
5.812578233896000165e+04
5.812578279409999959e+04
5.812578324784000142e+04
5.812578370205000101e+04
5.812578415682999912e+04
5.812578460872000142e+04
5.812578505830000358e+04
5.812578551193000021e+04
5.812578596265999658e+04
5.812578641685999901e+04
5.812578686759999982e+04
5.812578732075999869e+04
5.812578777160999744e+04
5.812578822362000210e+04
5.812578867527999682e+04
5.812578912716999912e+04
5.812578958137999871e+04
5.812579003384999669e+04
5.812579048943999805e+04
5.812579094294999959e+04
5.812851395256999967e+04
5.812851440780999837e+04
5.812851486814999953e+04
5.812851532014999975e+04
5.812851577112000086e+04
5.812851622566999868e+04
5.812851668241999869e+04
5.812851713465999637e+04
5.812851758841000265e+04
5.812851804168999661e+04
5.812851849935999780e+04
5.812851895427000272e+04
5.812851940800999728e+04
5.812851985863000300e+04
5.812852031190999696e+04
5.812852076241000032e+04
5.812852121834999707e+04
5.812852167383000051e+04
5.812852212711000175e+04
5.812852257726999960e+04
5.812852302788000088e+04
5.812951601138000115e+04
5.812951646361999883e+04
5.812951691851999931e+04
5.812951737549999962e+04
5.812951783016999980e+04
5.812951828402999672e+04
5.812951873789000092e+04
5.812951919487000123e+04
5.812951965105000272e+04
5.812952010305000294e+04
5.812952055703000224e+04
5.812952101042000140e+04
5.812952146601999993e+04
5.812952192056999775e+04
5.812952237420000165e+04
5.812952282794000348e+04
5.812952327866999985e+04
5.812952373113999784e+04
5.812952418221999687e+04
5.812952463469000213e+04
5.812952508751000278e+04
5.813050778733000334e+04
5.813050823967999895e+04
5.813050869146000332e+04
5.813050914531000308e+04
5.813050959917000000e+04
5.813051005199000065e+04
5.813051050445999863e+04
5.813051096063000296e+04
5.813051141484000254e+04
5.813051186882000184e+04
5.813051232046999939e+04
5.813051277131999814e+04
5.813051322216999688e+04
5.813051367302000290e+04
5.813051412826999876e+04
5.813051458073999675e+04
5.813051503090000188e+04
5.813051548324999749e+04
5.813051593988999957e+04
5.813051639004000026e+04
5.813051684240000031e+04
5.813174824413000169e+04
5.813174869960000069e+04
5.813174915334999969e+04
5.813174960928999644e+04
5.813175006140999903e+04
5.813175051410999731e+04
5.813175096843000210e+04
5.813175141951000114e+04
5.813175187151999853e+04
5.813175232584000332e+04
5.813175277703999745e+04
5.813175323067000136e+04
5.813175368729999900e+04
5.813175414209000155e+04
5.813175460081000347e+04
5.813175505801999680e+04
5.813175550841000222e+04
5.813175596331000270e+04
5.813175641218999954e+04
5.813175686755000061e+04
5.813175732165000227e+04
5.813251062156000262e+04
5.813251107159000094e+04
5.813251152220999938e+04
5.813251197675999720e+04
5.813251242738000292e+04
5.813251290092000272e+04
5.813251335339000070e+04
5.813251380713000253e+04
5.813251426294999692e+04
5.813251471878000302e+04
5.813251517484000215e+04
5.813251562499000283e+04
5.813251607723000052e+04
5.813251652969999850e+04
5.813251698425000359e+04
5.813251743682999950e+04
5.813251788906999718e+04
5.813251833875999728e+04
5.813251879262000148e+04
5.813251924903000327e+04
5.813251969940999697e+04
5.813351118490000226e+04
5.813351164338999661e+04
5.813351209643999755e+04
5.813351255225999921e+04
5.813351301155999681e+04
5.813351346090000152e+04
5.813351391568999679e+04
5.813351436942999862e+04
5.813351482594999834e+04
5.813351573320000170e+04
5.813351618995999888e+04
5.813351664393000101e+04
5.813351710009999806e+04
5.813351755280000361e+04
5.813351800676999846e+04
5.813351846248999937e+04
5.813351891530000285e+04
5.813351937413999985e+04
5.813351982857000257e+04
5.813352028347000305e+04
5.813455090906999976e+04
5.813455136130000028e+04
5.813455181851999805e+04
5.813455226740000217e+04
5.813455272125999909e+04
5.813455317985999864e+04
5.813455363822999789e+04
5.813455409360000340e+04
5.813455455035000341e+04
5.813455500767999911e+04
5.813455546142000094e+04
5.813455591527999786e+04
5.813455636924999999e+04
5.813455682171999797e+04
5.813455727754999680e+04
5.813455773233000218e+04
5.813455818641999940e+04
5.813455863669000246e+04
5.813455908974000340e+04
5.813575476494000031e+04
5.813575521937000303e+04
5.813575567241999670e+04
5.813575612638999883e+04
5.813575658395999926e+04
5.813575703249000071e+04
5.813575840679999965e+04
5.813575885879999987e+04
5.813575930941999832e+04
5.813575976477999939e+04
5.813576022281000041e+04
5.813576067388999945e+04
5.813576112380999984e+04
5.813576157419000083e+04
5.813576202873999864e+04
5.813576248307000060e+04
5.813576293830999930e+04
5.813576339043000189e+04
5.813576384289999987e+04
5.813653979606999928e+04
5.813654025492000073e+04
5.813654071120000299e+04
5.813654116308999801e+04
5.813654161300999840e+04
5.813654206582999905e+04
5.813654251782999927e+04
5.813654297342999780e+04
5.813654342658999667e+04
5.813654387824999867e+04
5.813654433476999839e+04
5.813654478584999742e+04
5.813654524341000069e+04
5.813654569749999791e+04
5.813654615159000241e+04
5.813654660139999760e+04
5.813654705120000290e+04
5.813654749926999648e+04
5.813654795659999945e+04
5.813654841393999959e+04
5.813654886837000231e+04
5.813751006048000272e+04
5.813751051097999880e+04
5.813751096692000283e+04
5.813751141974000348e+04
5.813751187255999685e+04
5.813751232387000346e+04
5.813751277957999991e+04
5.813751323528999637e+04
5.813751368787999672e+04
5.813751413814999978e+04
5.813751459281999996e+04
5.813751504528999794e+04
5.813751549510000041e+04
5.813751595220000308e+04
5.813751640431999840e+04
5.813751685829000053e+04
5.813751730937999673e+04
5.813751776162000169e+04
5.813751821478000056e+04
5.813751866747999884e+04
5.813751911821999965e+04
5.813851178922999679e+04
5.813851224286000070e+04
5.813851269370999944e+04
5.813851314848999755e+04
5.813851360143000056e+04
5.813851405284999782e+04
5.813851450867999665e+04
5.813851496403999772e+04
5.813851541536000150e+04
5.813851586759000202e+04
5.813851631901999644e+04
5.813851676951999980e+04
5.813851722049000091e+04
5.813851767341999948e+04
5.813851812369000254e+04
5.813851857916999870e+04
5.813851903371999651e+04
5.813851948375999928e+04
5.813851993576999666e+04
5.813852038881999761e+04
5.813852083944000333e+04
5.813951726885000244e+04
5.813951772062000236e+04
5.813951817760999984e+04
5.813951862729999993e+04
5.813951907860999927e+04
5.813951953107999725e+04
5.813951998610000010e+04
5.813952043602000049e+04
5.813952088963999995e+04
5.813952134210999793e+04
5.813952179770999646e+04
5.813952225075999741e+04
5.813952270218999911e+04
5.813952315326999815e+04
5.813952360354000120e+04
5.813952405970999826e+04
5.813952451391999784e+04
5.813952496696999879e+04
5.813952541966999706e+04
5.813952587109999877e+04
5.813952632645999984e+04
5.814758465514999989e+04
5.814758510576000117e+04
5.814758555753999826e+04
5.814758600896999997e+04
5.814758646561000205e+04
5.814758692223999969e+04
5.814758737344000110e+04
5.814758782533000340e+04
5.814758827618000214e+04
5.814758872900000279e+04
5.814758918516999984e+04
5.814758963822000078e+04
5.814759009058000083e+04
5.814759054258000106e+04
5.814759099424000306e+04
5.814759144925999863e+04
5.814759189953000168e+04
5.814759235061000072e+04
5.814759280284999841e+04
5.814759325718000036e+04
5.814759371451000334e+04
5.814855052981000335e+04
5.814855098633000307e+04
5.814855144308000308e+04
5.814855189521000284e+04
5.814855235728000116e+04
5.814855281056999956e+04
5.814855326315000275e+04
5.814855371411999658e+04
5.814855416728000273e+04
5.814855461813000147e+04
5.814855507211000076e+04
5.814855552850999811e+04
5.814855598307000037e+04
5.814855643538999720e+04
5.814855688846999692e+04
5.814855733955000323e+04
5.814855779097999766e+04
5.814855824276000203e+04
5.814855869859000086e+04
5.814855915093999647e+04
5.814855960433000291e+04
5.814856095803999779e+04
5.814856158691999735e+04
5.814856221463000111e+04
5.814856283655999869e+04
5.814856346427999961e+04
5.814856409071999951e+04
5.814856472005999967e+04
5.814856534429999738e+04
5.814856596854999952e+04
5.814856659893000324e+04
5.814856722699000238e+04
5.814856785390000005e+04
5.814856848080999771e+04
5.814856910793999850e+04
5.814856973519999883e+04
5.814857036153000081e+04
5.814857098889999907e+04
5.814857161418000032e+04
5.814857223934999638e+04
5.814857286672000191e+04
5.814857349316999898e+04
5.815067632841000159e+04
5.815067677961000300e+04
5.815067723185000068e+04
5.815067768385000090e+04
5.815067813932999707e+04
5.815067859250000038e+04
5.815067904322999675e+04
5.815067949755999871e+04
5.815067995153000084e+04
5.815068040723999729e+04
5.815068086249000044e+04
5.815068131670000002e+04
5.815068177183000080e+04
5.815068222881000111e+04
5.815068267942999955e+04
5.815068313699999999e+04
5.815068359028000123e+04
5.815068404205999832e+04
5.815068449683999643e+04
5.815068494826999813e+04
5.815068539969999983e+04
5.815372380711999722e+04
5.815372426352999901e+04
5.815372471889000008e+04
5.815372517135999806e+04
5.815372562661000120e+04
5.815372608174000197e+04
5.815372653883999737e+04
5.815372698875999777e+04
5.815372744413000328e+04
5.815372789775000274e+04
5.815372834986999806e+04
5.815372880188000272e+04
5.815372925515999668e+04
5.815372970694000105e+04
5.815373015986999962e+04
5.815373061649999727e+04
5.815373106643000210e+04
5.815373151774000144e+04
5.815373197310000251e+04
5.815373242418000154e+04
5.815373288162999961e+04
5.816057913620999898e+04
5.816057958787000098e+04
5.816058004254000116e+04
5.816058049675000075e+04
5.816058095106999826e+04
5.816058140088000073e+04
5.816058185578000121e+04
5.816058230431999982e+04
5.816058275632000004e+04
5.816058320868000010e+04
5.816058366057000239e+04
5.816058411465999961e+04
5.816058456516000297e+04
5.816058501832999900e+04
5.816058546953000041e+04
5.816058592523999687e+04
5.816058638002000225e+04
5.816058683526999812e+04
5.816058728877999965e+04
5.816058773823999945e+04
5.816058819372000289e+04
5.816165764705000038e+04
5.816165810252999654e+04
5.816165855372999795e+04
5.816165900631999830e+04
5.816165945890000148e+04
5.816165991958999803e+04
5.816166037251999660e+04
5.816166082707999885e+04
5.816166127607000089e+04
5.816166172715999710e+04
5.816166217753999808e+04
5.816166263048000110e+04
5.816166308538000158e+04
5.816166353877000074e+04
5.816166399031999754e+04
5.816166444012000284e+04
5.816166489351999917e+04
5.816166534715000307e+04
5.816166579810999974e+04
5.816166624908000085e+04
5.816166670537000027e+04
5.816260715234000236e+04
5.816260760445999767e+04
5.816260805855000217e+04
5.816260851369000011e+04
5.816260896638999839e+04
5.816260942303000047e+04
5.816260987677000230e+04
5.816261033190000308e+04
5.816261078657000326e+04
5.816261124043000018e+04
5.816261169104999863e+04
5.816261214294000092e+04
5.816261259576000157e+04
5.816261304673000268e+04
5.816261349745999905e+04
5.816261394853999809e+04
5.816261440286000288e+04
5.816261485800000082e+04
5.816261531567999918e+04
5.816261576549000165e+04
5.816261622234999959e+04
5.816361367153000174e+04
5.816361412700999790e+04
5.816361458179000329e+04
5.816361503541999991e+04
5.816361549147999904e+04
5.816361594557000353e+04
5.816361640001000342e+04
5.816361685248000140e+04
5.816361730494999938e+04
5.816361775995999778e+04
5.816361821452000004e+04
5.816361866757000098e+04
5.816361911934000091e+04
5.816361957054000231e+04
5.816362002717999712e+04
5.816362047768000048e+04
5.816362093350999930e+04
5.816362138330999733e+04
5.816362184030000208e+04
5.816362229531000048e+04
5.816362275195000257e+04
5.816462691261000145e+04
5.816462736808999762e+04
5.816462781802000245e+04
5.816462827026000014e+04
5.816462872318999871e+04
5.816462917462000041e+04
5.816462962790000165e+04
5.816463008314999752e+04
5.816463053608000337e+04
5.816463098878999881e+04
5.816463144507999823e+04
5.816463190703999862e+04
5.816463236968999990e+04
5.816463283327999670e+04
5.816463328668000031e+04
5.816463374389000091e+04
5.816463419856000110e+04
5.816463465022000310e+04
5.816463510651000252e+04
5.816463555887000257e+04
5.816463601400000334e+04
5.816555033797999931e+04
5.816555079149000085e+04
5.816555124778000027e+04
5.816555170325999643e+04
5.816555215527000109e+04
5.816555260947000352e+04
5.816555306079000002e+04
5.816555351186999906e+04
5.816555396502999793e+04
5.816555442040000344e+04
5.816555487020999863e+04
5.816555532464000134e+04
5.816555577885000093e+04
5.816555623560000095e+04
5.816555668968999817e+04
5.816555714124000224e+04
5.816555759429000318e+04
5.816555804825999803e+04
5.816555850282000029e+04
5.816555895656000212e+04
5.816555940695000027e+04
5.816873642455999652e+04
5.816873687575999793e+04
5.816873733019000065e+04
5.816873779215000104e+04
5.816873824405000050e+04
5.816873869605000073e+04
5.816873914609000349e+04
5.816873960053000337e+04
5.816874006479999662e+04
5.816874051645999862e+04
5.816874096766000002e+04
5.816874141966000025e+04
5.816874187641999742e+04
5.816874233246999938e+04
5.816874278308999783e+04
5.816874323348000325e+04
5.816874368780000077e+04
5.816874414316000184e+04
5.816874459957000363e+04
5.816874505586000305e+04
5.816874551098999655e+04
5.817072234769000352e+04
5.817072279854000226e+04
5.817072325065999757e+04
5.817072370567000326e+04
5.817072416266000073e+04
5.817072461871000269e+04
5.817072507269999915e+04
5.817072552908999933e+04
5.817072598340999684e+04
5.817072644027999922e+04
5.817072689101000287e+04
5.817072735344000102e+04
5.817072780729000078e+04
5.817072826358000020e+04
5.817072871581999789e+04
5.817072916991000238e+04
5.817072962561999884e+04
5.817073007902000245e+04
5.817073053264999908e+04
5.817073098384000332e+04
5.817073144152000168e+04
5.817165046799000265e+04
5.817165092369999911e+04
5.817165137964000314e+04
5.817165183383999829e+04
5.817165228989999741e+04
5.817165274029000284e+04
5.817165319542000361e+04
5.817165365228999872e+04
5.817165410626000084e+04
5.817165455559999828e+04
5.817165501408999990e+04
5.817165546876000008e+04
5.817165592435000144e+04
5.817165637866999896e+04
5.817165682987000037e+04
5.817165728107000177e+04
5.817165773364999768e+04
5.817165818184000091e+04
5.817165863766000257e+04
5.817165908954999759e+04
5.817165954560999671e+04
5.817272051775000000e+04
5.817272097252999811e+04
5.817272142870999960e+04
5.817272188697000092e+04
5.817272233758000220e+04
5.817272279063000315e+04
5.817272325236000324e+04
5.817272370819000207e+04
5.817272415950000141e+04
5.817272461104000104e+04
5.817272506119999889e+04
5.817272551296999882e+04
5.817272596463000082e+04
5.817272641570999986e+04
5.817272686598000291e+04
5.817272731902999658e+04
5.817272776986999816e+04
5.817272822096000164e+04
5.817272867458000110e+04
5.817272912727999937e+04
5.817272958114000357e+04
5.817462622230000125e+04
5.817462668067000050e+04
5.817462713498999801e+04
5.817462758872999984e+04
5.817462804421000328e+04
5.817462849506000202e+04
5.817462895169999683e+04
5.817462941308000154e+04
5.817462986311999703e+04
5.817463031339000008e+04
5.817463076492999971e+04
5.817463122006000049e+04
5.817463167414999771e+04
5.817463212477000343e+04
5.817463258094000048e+04
5.817463303710999753e+04
5.817463349154999742e+04
5.817463394749000145e+04
5.817463440273999731e+04
5.817463485647999914e+04
5.817463530814000114e+04
5.817753707300999667e+04
5.817753752813999745e+04
5.817753798326999822e+04
5.817753843469999993e+04
5.817753888520000328e+04
5.817753933569999936e+04
5.817753978515999916e+04
5.817754024909000145e+04
5.817754070189999766e+04
5.817754115530000126e+04
5.817754160899000271e+04
5.817754206197000167e+04
5.817754251443999965e+04
5.817754297049999877e+04
5.817754342516999895e+04
5.817754387855999812e+04
5.817754433206999965e+04
5.817754478419000225e+04
5.817754523932000302e+04
5.817754568981999910e+04
5.817754614680999657e+04
5.817855794836999848e+04
5.817855840061000345e+04
5.817855885342999682e+04
5.817855930439000076e+04
5.817855975754999963e+04
5.817856021257000248e+04
5.817856066781999834e+04
5.817856112004999886e+04
5.817856157112999790e+04
5.817856202800000028e+04
5.817856248382999911e+04
5.817856293549000111e+04
5.817856338772999879e+04
5.817856384193000122e+04
5.817856429139000102e+04
5.817856474478000018e+04
5.817856520014000125e+04
5.817856565342999966e+04
5.817856610542999988e+04
5.817856655476999731e+04
5.817856700886000181e+04
5.817953675656000269e+04
5.817953720833000261e+04
5.817953765895000106e+04
5.817953810759999760e+04
5.817953856215000269e+04
5.817953901647999737e+04
5.817953947334000259e+04
5.817953993402999913e+04
5.817954038974000287e+04
5.817954084175000025e+04
5.817954129503000149e+04
5.817954174714999681e+04
5.817954220273999817e+04
5.817954265614000178e+04
5.817954311230999883e+04
5.817954356512999948e+04
5.817954402002999996e+04
5.817954446959999768e+04
5.817954492033000133e+04
5.817954537187999813e+04
5.817954582156999822e+04
5.818152445925000211e+04
5.818152490940000280e+04
5.818152535966999858e+04
5.818152581572999770e+04
5.818152626762000000e+04
5.818152672044000064e+04
5.818152717279000353e+04
5.818152762652999809e+04
5.818152808003999962e+04
5.818152853910999693e+04
5.818152898950000235e+04
5.818152944589999970e+04
5.818152990046000195e+04
5.818153035639999871e+04
5.818153081001999817e+04
5.818153126260999852e+04
5.818153171322999697e+04
5.818153216951999639e+04
5.818153262523000012e+04
5.818153307838999899e+04
5.818153353108999727e+04
5.818760390832000121e+04
5.818760436389999813e+04
5.818760481545999937e+04
5.818760526640999888e+04
5.818760571935000189e+04
5.818760617263000313e+04
5.818760662764999870e+04
5.818760707861000265e+04
5.818760753062000003e+04
5.818760798274000263e+04
5.818760843462999765e+04
5.818760889045999647e+04
5.818760934200000338e+04
5.818760979794000013e+04
5.818761025943999994e+04
5.818761071284000354e+04
5.818761116796999704e+04
5.818761161998000171e+04
5.818761207452999952e+04
5.818761252411000169e+04
5.818761297773000115e+04
5.818951251097000204e+04
5.818951296528999956e+04
5.818951341985000181e+04
5.818951387219999742e+04
5.818951432467000268e+04
5.818951477529000113e+04
5.818951523076999729e+04
5.818951568555999984e+04
5.818951614161000180e+04
5.818951660010000342e+04
5.818951705580999987e+04
5.818951751024999976e+04
5.818951796376000129e+04
5.818951841276999767e+04
5.818951886812999874e+04
5.818951932187000057e+04
5.818951977261000138e+04
5.818952024174999679e+04
5.818952069317000132e+04
5.818952114553000138e+04
5.818952159961999860e+04
5.819148902837000060e+04
5.819148948026000289e+04
5.819148993493000307e+04
5.819149039110000012e+04
5.819149084194999887e+04
5.819149129592999816e+04
5.819149174700999720e+04
5.819149219635000190e+04
5.819149265646000276e+04
5.819149310973999673e+04
5.819149355851000291e+04
5.819149400970999704e+04
5.819149446437999723e+04
5.819149492147999990e+04
5.819149537684000097e+04
5.819149583300999802e+04
5.819149628767999820e+04
5.819149673980999796e+04
5.819149719481999637e+04
5.819149764960999892e+04
5.819149810150000121e+04
5.819350702653999906e+04
5.819350748341000144e+04
5.819350793541999883e+04
5.819350838962000125e+04
5.819350884729999962e+04
5.819350930243000039e+04
5.819350975790999655e+04
5.819351020981000329e+04
5.819351066331999755e+04
5.819351111695000145e+04
5.819351156952999736e+04
5.819351202442999784e+04
5.819351247806000174e+04
5.819351293145999807e+04
5.819351338786000269e+04
5.819351384161000169e+04
5.819351429823999933e+04
5.819351475211000070e+04
5.819351520318999974e+04
5.819351565600000322e+04
5.819351611078999849e+04
5.819551213851999637e+04
5.819551259387999744e+04
5.819551304682000045e+04
5.819551350577000267e+04
5.819551395685000170e+04
5.819551441081999656e+04
5.819551486583999940e+04
5.819551531876999798e+04
5.819551577274999727e+04
5.819551622717999999e+04
5.819551667861000169e+04
5.819551713305000158e+04
5.819551758934000100e+04
5.819551804226999957e+04
5.819551849706000212e+04
5.819551895287999650e+04
5.819551940697000100e+04
5.819551986233999924e+04
5.819552031631000136e+04
5.819552076716000010e+04
5.819552122380000219e+04
5.819751138345999789e+04
5.819751184009999997e+04
5.819751229140999931e+04
5.819751274654999725e+04
5.819751320144999772e+04
5.819751365796999744e+04
5.819751411471999745e+04
5.819751456684999721e+04
5.819751501873999950e+04
5.819751547479000146e+04
5.819751593236000190e+04
5.819751638541000284e+04
5.819751684389000002e+04
5.819751729427999817e+04
5.819751774629000283e+04
5.819751821565999853e+04
5.819751866870999947e+04
5.819751912453000114e+04
5.819751957966999908e+04
5.819752003503000014e+04
5.819752049640999758e+04
5.819950474148999638e+04
5.819950519453999732e+04
5.819950564966999809e+04
5.819950610028999654e+04
5.819950655692999862e+04
5.819950700720000168e+04
5.819950745885999640e+04
5.819950791583999671e+04
5.819950836970999808e+04
5.819950882136000291e+04
5.819950927521999984e+04
5.819950972896999883e+04
5.819951018166999711e+04
5.819951063715000055e+04
5.819951109135000297e+04
5.819951154741000209e+04
5.819951200242999766e+04
5.819951245825999649e+04
5.819951291455000319e+04
5.819951336979999905e+04
5.819951382076000300e+04
5.820151069211999857e+04
5.820151114817999769e+04
5.820151160250000248e+04
5.820151205335000122e+04
5.820151250651999726e+04
5.820151295863999985e+04
5.820151340984000126e+04
5.820151386449999700e+04
5.820151431916999718e+04
5.820151477280000108e+04
5.820151522932000080e+04
5.820151568468000187e+04
5.820151614051000070e+04
5.820151659448999999e+04
5.820151704846000212e+04
5.820151750277999963e+04
5.820151795896000112e+04
5.820151841270000295e+04
5.820151886262000335e+04
5.820151931683000294e+04
5.820151977253999939e+04
5.820349781280999741e+04
5.820349826793999819e+04
5.820349872411999968e+04
5.820349917670000286e+04
5.820349962940000114e+04
5.820350008199000149e+04
5.820350053330000082e+04
5.820350099179000244e+04
5.820350144321999687e+04
5.820350189834999765e+04
5.820350235452000197e+04
5.820350280965999991e+04
5.820350326386000233e+04
5.820350371784000163e+04
5.820350417018999724e+04
5.820350462092000089e+04
5.820350507513000048e+04
5.820350552990999859e+04
5.820350598146000266e+04
5.820350643670999852e+04
5.820350689137000154e+04
5.820551229793999664e+04
5.820551274948000355e+04
5.820551320670000132e+04
5.820551366946999769e+04
5.820551412182000058e+04
5.820551457336999738e+04
5.820551502630000323e+04
5.820551547980999749e+04
5.820551593680000224e+04
5.820551639019999857e+04
5.820551684173999820e+04
5.820551729755999986e+04
5.820551774956999725e+04
5.820551820251000026e+04
5.820551865625000210e+04
5.820551911334999750e+04
5.820551956790000258e+04
5.820552002095000353e+04
5.820552047493000282e+04
5.820552092797999649e+04
5.820552138276999904e+04
5.820754193469000165e+04
5.820754239270999824e+04
5.820754284390999965e+04
5.820754329429999780e+04
5.820754374757999904e+04
5.820754420247999951e+04
5.820754466028000024e+04
5.820754511551999894e+04
5.820754556833999959e+04
5.820754601952999656e+04
5.820754647570999805e+04
5.820754692770999827e+04
5.820754738134000218e+04
5.820754783231000329e+04
5.820754828465999890e+04
5.820754873806000251e+04
5.820754918878999888e+04
5.820754964404000202e+04
5.820755009558000165e+04
5.820755054932000348e+04
5.820755100398999639e+04
5.820950657340000180e+04
5.820950702956999885e+04
5.820950749373000144e+04
5.820950795105999714e+04
5.820950840759000130e+04
5.820950886306000029e+04
5.820950932004999777e+04
5.820950977599000180e+04
5.820951022869000008e+04
5.820951068439999653e+04
5.820951113443999930e+04
5.820951158969000244e+04
5.820951204516999860e+04
5.820951249878999806e+04
5.820951295150000078e+04
5.820951340442999935e+04
5.820951386279999861e+04
5.820951431446000061e+04
5.820951476890000049e+04
5.820951522079000279e+04
5.820951567464999971e+04
5.821153322173999914e+04
5.821153367640999932e+04
5.821153413164999802e+04
5.821153458377999777e+04
5.821153503844000079e+04
5.821153549137999653e+04
5.821153594732000056e+04
5.821153639724000095e+04
5.821153685237000172e+04
5.821153730704000191e+04
5.821153776287000073e+04
5.821153821823000180e+04
5.821153867093000008e+04
5.821153912663999654e+04
5.821153958107999642e+04
5.821154003435000050e+04
5.821154049053000199e+04
5.821154094138000073e+04
5.821154139222999947e+04
5.821154185349000181e+04
5.821154230747000111e+04
5.821155036706000101e+04
5.821155710767999699e+04
5.821355272988000070e+04
5.821355318211999838e+04
5.821355363770999975e+04
5.821355408994999743e+04
5.821355454333999660e+04
5.821355499499999860e+04
5.821355544966999878e+04
5.821355590608000057e+04
5.821355636421999952e+04
5.821355681518000347e+04
5.821355726891999802e+04
5.821355772289999732e+04
5.821355817987999762e+04
5.821355862910999713e+04
5.821355908227000327e+04
5.821355953972000134e+04
5.821355999449999945e+04
5.821356044801000098e+04
5.821356090117999702e+04
5.821356135411000287e+04
5.821356180727000174e+04
5.821560196824999730e+04
5.821560241841000243e+04
5.821560286959999939e+04
5.821560332137999649e+04
5.821560377187999984e+04
5.821560422678000032e+04
5.821560468201999902e+04
5.821560513900999649e+04
5.821560559633999947e+04
5.821560605134999787e+04
5.821560650498000177e+04
5.821560695872000360e+04
5.821560741581999901e+04
5.821560787061000156e+04
5.821560832574000233e+04
5.821560878630999650e+04
5.821560924063000130e+04
5.821560969274999661e+04
5.821561014961999899e+04
5.821561060115999862e+04
5.821561106149999978e+04
5.821750033647999953e+04
5.821750078883000242e+04
5.821750124453999888e+04
5.821750169758999982e+04
5.821750215515000309e+04
5.821750260716000048e+04
5.821750306344999990e+04
5.821750352032000228e+04
5.821750397440999950e+04
5.821750443035000353e+04
5.821750488490000134e+04
5.821750533690999873e+04
5.821750579134999862e+04
5.821750624589999643e+04
5.821750669929000287e+04
5.821750716577000276e+04
5.821750761742999748e+04
5.821750807486999838e+04
5.821750852920000034e+04
5.821750898038999730e+04
5.821750943528999778e+04
5.822149796495000191e+04
5.822149841834000108e+04
5.822149887532999855e+04
5.822149932732999878e+04
5.822149978304999968e+04
5.822150023481999960e+04
5.822150068845000351e+04
5.822150114403999760e+04
5.822150159859999985e+04
5.822150205222999648e+04
5.822150250434999907e+04
5.822150295901999925e+04
5.822150341207000019e+04
5.822150386140999763e+04
5.822150431191000098e+04
5.822150476368999807e+04
5.822150521499999741e+04
5.822150566724000237e+04
5.822150612040999840e+04
5.822150657890000002e+04
5.822150703577000240e+04
5.822351132137999957e+04
5.822351177546999679e+04
5.822351222771000175e+04
5.822351268318000075e+04
5.822351313379999920e+04
5.822351358638999955e+04
5.822351403458000277e+04
5.822351448890000029e+04
5.822351494287999958e+04
5.822351540448999731e+04
5.822351586263000354e+04
5.822351631174999784e+04
5.822351676513999701e+04
5.822351722131999850e+04
5.822351767575999838e+04
5.822351813101000153e+04
5.822351858219999849e+04
5.822351903583000239e+04
5.822351948737999919e+04
5.822351993984999717e+04
5.822352039324000361e+04
5.822649334606000048e+04
5.822649379957000201e+04
5.822649425701000291e+04
5.822649471122000250e+04
5.822649519691000023e+04
5.822649565145999804e+04
5.822649610440000106e+04
5.822649656092000077e+04
5.822649701639999694e+04
5.822649747059999936e+04
5.822649792144999810e+04
5.822649837439000112e+04
5.822649883045000024e+04
5.822649928268000076e+04
5.822649973144999967e+04
5.822650018704000104e+04
5.822650064102000033e+04
5.822650109302999772e+04
5.822650154943000234e+04
5.822650199946999783e+04
5.822650245379000262e+04
