57844
57844
57844
57844
57844
57844
57844
57844
57844
57844
57844
57844
57844
57844
57846
57846
57846
57846
57846
57846
57846
57846
57846
57846
57846
57846
57846
57846
57848
57848
57848
57848
57848
57848
57848
57848
57848
57848
57848
57848
57848
57848
57850
57850
57850
57850
57850
57850
57850
57850
57850
57850
57850
57850
57850
57850
57854
57854
57854
57854
57854
57854
57854
57854
57854
57854
57854
57854
57854
57854
57856
57856
57856
57856
57856
57856
57856
57856
57856
57856
57856
57856
57856
57856
57856
57856
57856
57856
57856
57862
57862
57862
57862
57862
57862
57862
57862
57862
57862
57862
57862
57862
57862
57864
57864
57864
57864
57864
57864
57864
57864
57864
57864
57864
57864
57864
57864
57866
57866
57866
57866
57866
57866
57866
57866
57866
57866
57866
57866
57866
57866
57868
57868
57868
57868
57868
57868
57868
57868
57868
57868
57868
57868
57868
57868
57870
57870
57870
57870
57870
57870
57870
57870
57870
57870
57870
57870
57870
57870
57870
57870
57870
57870
57870
57870
57870
57872
57872
57872
57872
57872
57872
57872
57872
57872
57872
57872
57872
57872
57872
57872
57872
57872
57872
57872
57872
57872
57874
57874
57874
57874
57874
57874
57874
57874
57874
57874
57874
57874
57874
57874
57874
57874
57874
57874
57874
57874
57874
57876
57876
57876
57876
57876
57876
57876
57876
57876
57876
57876
57876
57876
57876
57876
57876
57876
57876
57876
57876
57876
57880
57880
57880
57880
57880
57880
57880
57880
57880
57880
57880
57880
57880
57880
57880
57880
57880
57880
57880
57880
57880
57959
57959
57959
57959
57959
57959
57959
57959
57959
57959
57959
57959
57959
57959
57959
57959
57959
57959
57959
57959
57959
57962
57962
57962
57962
57962
57962
57962
57962
57962
57962
57962
57962
57962
57962
57962
57962
57962
57962
57962
57962
57962
57964
57964
57964
57964
57964
57964
57964
57964
57964
57964
57964
57964
57964
57964
57964
57964
57964
57964
57964
57964
57964
57968
57968
57968
57968
57968
57968
57968
57968
57968
57968
57968
57968
57968
57968
57968
57968
57968
57968
57968
57968
57968
57969
57969
57969
57969
57969
57969
57969
57969
57969
57969
57969
57969
57969
57969
57969
57969
57969
57969
57969
57969
57969
57971
57971
57971
57971
57971
57971
57971
57971
57971
57971
57971
57971
57971
57971
57971
57971
57971
57971
57971
57971
57971
57972
57972
57972
57972
57972
57972
57972
57972
57972
57972
57972
57972
57972
57972
57972
57972
57972
57972
57972
57972
57972
57973
57973
57973
57973
57973
57973
57973
57973
57973
57973
57973
57973
57973
57973
57973
57973
57973
57973
57973
57973
57973
57974
57974
57974
57974
57974
57974
57974
57974
57974
57974
57974
57974
57974
57974
57974
57974
57974
57974
57974
57974
57974
57975
57975
57975
57975
57975
57975
57975
57975
57975
57975
57975
57975
57975
57975
57975
57975
57975
57975
57975
57975
57975
57980
57980
57980
57980
57980
57980
57980
57980
57980
57980
57980
57980
57980
57980
57980
57980
57980
57980
57980
57980
57980
57981
57981
57981
57981
57981
57981
57981
57981
57981
57981
57981
57981
57981
57981
57981
57981
57981
57981
57981
57981
57981
57982
57982
57982
57982
57982
57982
57982
57982
57982
57982
57982
57982
57982
57982
57982
57982
57982
57982
57982
57982
57982
57983
57983
57983
57983
57983
57983
57983
57983
57983
57983
57983
57983
57983
57983
57983
57983
57983
57983
57983
57983
57983
57984
57984
57984
57984
57984
57984
57984
57984
57984
57984
57984
57984
57984
57984
57984
57984
57984
57984
57984
57984
57984
57985
57985
57985
57985
57985
57985
57985
57985
57985
57985
57985
57985
57985
57985
57985
57985
57985
57985
57985
57985
57985
57986
57986
57986
57986
57986
57986
57986
57986
57986
57986
57986
57986
57986
57986
57986
57986
57986
57986
57986
57986
57986
57987
57987
57987
57987
57987
57987
57987
57987
57987
57987
57987
57987
57987
57987
57987
57987
57987
57987
57987
57987
57987
57988
57988
57988
57988
57988
57988
57988
57988
57988
57988
57988
57988
57988
57988
57988
57988
57988
57988
57988
57988
57988
57989
57989
57989
57989
57989
57989
57989
57989
57989
57989
57989
57989
57989
57989
57989
57989
57989
57989
57989
57989
57989
57991
57991
57991
57991
57991
57991
57991
57991
57991
57991
57991
57991
57991
57991
57991
57991
57991
57991
57991
57991
57991
57992
57992
57992
57992
57992
57992
57992
57992
57992
57992
57992
57992
57992
57992
57992
57992
57992
57992
57992
57992
57992
58001
58001
58001
58001
58001
58001
58001
58001
58001
58001
58001
58001
58001
58001
58001
58001
58001
58001
58001
58001
58001
58003
58003
58003
58003
58003
58003
58003
58003
58003
58003
58003
58003
58003
58003
58003
58003
58003
58003
58003
58003
58003
58004
58004
58004
58004
58004
58004
58004
58004
58004
58004
58004
58004
58004
58004
58004
58004
58004
58004
58004
58004
58004
58011
58011
58011
58011
58011
58011
58011
58011
58011
58011
58011
58011
58011
58011
58011
58011
58011
58011
58011
58011
58011
58012
58012
58012
58012
58012
58012
58012
58012
58012
58012
58012
58012
58012
58012
58012
58012
58012
58012
58012
58012
58012
58013
58013
58013
58013
58013
58013
58013
58013
58013
58013
58013
58013
58013
58013
58013
58013
58013
58013
58013
58013
58013
58013
58013
58013
58013
58016
58016
58016
58016
58016
58016
58016
58016
58016
58016
58016
58016
58016
58016
58016
58016
58016
58016
58016
58016
58016
58017
58017
58017
58017
58017
58017
58017
58017
58017
58017
58017
58017
58017
58017
58017
58017
58017
58017
58017
58017
58017
58019
58019
58019
58019
58019
58019
58019
58019
58019
58019
58019
58019
58019
58019
58019
58019
58019
58019
58019
58019
58019
58020
58020
58020
58020
58020
58020
58020
58020
58020
58020
58020
58020
58020
58020
58020
58020
58020
58020
58020
58020
58020
58022
58022
58022
58022
58022
58022
58022
58022
58022
58022
58022
58022
58022
58022
58022
58022
58022
58022
58022
58022
58022
58025
58025
58025
58025
58025
58025
58025
58025
58025
58025
58025
58025
58025
58025
58025
58025
58025
58025
58025
58025
58025
58027
58027
58027
58027
58027
58027
58027
58027
58027
58027
58027
58027
58027
58027
58027
58027
58027
58027
58027
58027
58027
58027
58027
58027
58027
58027
58027
58027
58027
58027
58027
58027
58027
58027
58027
58027
58027
58027
58027
58027
58027
58027
58028
58028
58028
58028
58028
58028
58028
58028
58028
58028
58028
58028
58028
58028
58028
58028
58028
58028
58028
58028
58028
58029
58029
58029
58029
58029
58029
58029
58029
58029
58029
58029
58029
58029
58029
58029
58029
58029
58029
58029
58029
58029
58032
58032
58032
58032
58032
58032
58032
58032
58032
58032
58032
58032
58032
58032
58032
58032
58032
58032
58032
58032
58032
58033
58033
58033
58033
58033
58033
58033
58033
58033
58033
58033
58033
58033
58033
58033
58033
58033
58033
58033
58033
58033
58043
58043
58043
58043
58043
58043
58043
58043
58043
58043
58043
58043
58043
58043
58043
58043
58043
58043
58043
58043
58043
58044
58044
58044
58044
58044
58044
58044
58044
58044
58044
58044
58044
58044
58044
58044
58044
58044
58044
58044
58044
58044
58044
58044
58044
58044
58044
58044
58044
58044
58044
58044
58044
58044
58044
58044
58044
58044
58044
58044
58044
58044
58044
58045
58045
58045
58045
58045
58045
58045
58045
58045
58045
58045
58045
58045
58045
58045
58045
58045
58045
58045
58045
58045
58046
58046
58046
58046
58046
58046
58046
58046
58046
58046
58046
58046
58046
58046
58046
58046
58046
58046
58046
58046
58046
58048
58048
58048
58048
58048
58048
58048
58048
58048
58048
58048
58048
58048
58048
58048
58048
58048
58048
58048
58048
58048
58049
58049
58049
58049
58049
58049
58049
58049
58049
58049
58049
58049
58049
58049
58049
58049
58049
58049
58049
58049
58049
58050
58050
58050
58050
58050
58050
58050
58050
58050
58050
58050
58050
58050
58050
58050
58050
58050
58050
58050
58050
58050
58051
58051
58051
58051
58051
58051
58051
58051
58051
58051
58051
58051
58051
58051
58051
58051
58051
58051
58051
58051
58051
58056
58056
58056
58056
58056
58056
58056
58056
58056
58056
58056
58056
58056
58056
58056
58056
58056
58056
58056
58056
58056
58057
58057
58057
58057
58057
58057
58057
58057
58057
58057
58057
58057
58057
58057
58057
58057
58057
58057
58057
58057
58057
58058
58058
58058
58058
58058
58058
58058
58058
58058
58058
58058
58058
58058
58058
58058
58058
58058
58058
58058
58058
58058
58060
58060
58060
58060
58060
58060
58060
58060
58060
58060
58060
58060
58060
58060
58060
58060
58060
58060
58060
58060
58060
58061
58061
58061
58061
58061
58061
58061
58061
58061
58061
58061
58061
58061
58061
58061
58061
58061
58061
58061
58061
58061
58063
58063
58063
58063
58063
58063
58063
58063
58063
58063
58063
58063
58063
58063
58063
58063
58063
58063
58063
58063
58063
58067
58067
58067
58067
58067
58067
58067
58067
58067
58067
58067
58067
58067
58067
58067
58067
58067
58067
58067
58067
58067
58070
58070
58070
58070
58070
58070
58070
58070
58070
58070
58070
58070
58070
58070
58070
58070
58070
58070
58070
58070
58070
58071
58071
58071
58071
58071
58071
58071
58071
58071
58071
58071
58071
58071
58071
58071
58071
58071
58071
58071
58071
58071
58072
58072
58072
58072
58072
58072
58072
58072
58072
58072
58072
58072
58072
58072
58072
58072
58072
58072
58072
58072
58072
58073
58073
58073
58073
58073
58073
58073
58073
58073
58073
58073
58073
58073
58073
58073
58073
58073
58073
58073
58073
58073
58074
58074
58074
58074
58074
58074
58074
58074
58074
58074
58074
58074
58074
58074
58074
58074
58074
58074
58074
58074
58074
58075
58075
58075
58075
58075
58075
58075
58075
58075
58075
58075
58075
58075
58075
58075
58075
58075
58075
58075
58075
58075
58076
58076
58076
58076
58076
58076
58076
58076
58076
58076
58076
58076
58076
58076
58076
58076
58076
58076
58076
58076
58076
58077
58077
58077
58077
58077
58077
58077
58077
58077
58077
58077
58077
58077
58077
58077
58077
58077
58077
58077
58077
58077
58078
58078
58078
58078
58078
58078
58078
58078
58078
58078
58078
58078
58078
58078
58078
58078
58078
58078
58078
58078
58078
58079
58079
58079
58079
58079
58079
58079
58079
58079
58079
58079
58079
58079
58079
58079
58079
58079
58079
58079
58079
58079
58080
58080
58080
58080
58080
58080
58080
58080
58080
58080
58080
58080
58080
58080
58080
58080
58080
58080
58080
58080
58080
58081
58081
58081
58081
58081
58081
58081
58081
58081
58081
58081
58081
58081
58081
58081
58081
58081
58081
58081
58081
58081
58082
58082
58082
58082
58082
58082
58082
58082
58082
58082
58082
58082
58082
58082
58082
58082
58082
58082
58082
58082
58082
58096
58096
58096
58096
58096
58096
58096
58096
58096
58096
58096
58096
58096
58096
58096
58096
58096
58096
58096
58096
58096
58098
58098
58098
58098
58098
58098
58098
58098
58098
58098
58098
58098
58098
58098
58098
58098
58098
58098
58098
58098
58098
58104
58104
58104
58104
58104
58104
58104
58104
58104
58104
58104
58104
58104
58104
58104
58104
58104
58104
58104
58104
58104
58105
58105
58105
58105
58105
58105
58105
58105
58105
58105
58105
58105
58105
58105
58105
58105
58105
58105
58105
58105
58105
58106
58106
58106
58106
58106
58106
58106
58106
58106
58106
58106
58106
58106
58106
58106
58106
58106
58106
58106
58106
58106
58107
58107
58107
58107
58107
58107
58107
58107
58107
58107
58107
58107
58107
58107
58107
58107
58107
58107
58107
58107
58107
58107
58107
58107
58107
58107
58107
58107
58107
58107
58107
58107
58107
58107
58107
58107
58107
58107
58107
58107
58107
58107
58108
58108
58108
58108
58108
58108
58108
58108
58108
58108
58108
58108
58108
58108
58108
58108
58108
58108
58108
58108
58108
58109
58109
58109
58109
58109
58109
58109
58109
58109
58109
58109
58109
58109
58109
58109
58109
58109
58109
58109
58109
58109
58110
58110
58110
58110
58110
58110
58110
58110
58110
58110
58110
58110
58110
58110
58110
58110
58110
58110
58110
58110
58110
58111
58111
58111
58111
58111
58111
58111
58111
58111
58111
58111
58111
58111
58111
58111
58111
58111
58111
58111
58111
58111
58116
58116
58116
58116
58116
58116
58116
58116
58116
58116
58116
58116
58116
58116
58116
58116
58116
58116
58116
58116
58116
58117
58117
58117
58117
58117
58117
58117
58117
58117
58117
58117
58117
58117
58117
58117
58117
58117
58117
58117
58117
58117
58118
58118
58118
58118
58118
58118
58118
58118
58118
58118
58118
58118
58118
58118
58118
58118
58118
58118
58118
58118
58118
58119
58119
58119
58119
58119
58119
58119
58119
58119
58119
58119
58119
58119
58119
58119
58119
58119
58119
58119
58119
58119
58120
58120
58120
58120
58120
58120
58120
58120
58120
58120
58120
58120
58120
58120
58120
58120
58120
58120
58120
58120
58120
58121
58121
58121
58121
58121
58121
58121
58121
58121
58121
58121
58121
58121
58121
58121
58121
58121
58121
58121
58121
58121
58122
58122
58122
58122
58122
58122
58122
58122
58122
58122
58122
58122
58122
58122
58122
58122
58122
58122
58122
58122
58122
58123
58123
58123
58123
58123
58123
58123
58123
58123
58123
58123
58123
58123
58123
58123
58123
58123
58123
58123
58123
58123
58124
58124
58124
58124
58124
58124
58124
58124
58124
58124
58124
58124
58124
58124
58124
58124
58124
58124
58124
58124
58124
58125
58125
58125
58125
58125
58125
58125
58125
58125
58125
58125
58125
58125
58125
58125
58125
58125
58125
58125
58125
58125
58128
58128
58128
58128
58128
58128
58128
58128
58128
58128
58128
58128
58128
58128
58128
58128
58128
58128
58128
58128
58128
58129
58129
58129
58129
58129
58129
58129
58129
58129
58129
58129
58129
58129
58129
58129
58129
58129
58129
58129
58129
58129
58130
58130
58130
58130
58130
58130
58130
58130
58130
58130
58130
58130
58130
58130
58130
58130
58130
58130
58130
58130
58130
58131
58131
58131
58131
58131
58131
58131
58131
58131
58131
58131
58131
58131
58131
58131
58131
58131
58131
58131
58131
58131
58132
58132
58132
58132
58132
58132
58132
58132
58132
58132
58132
58132
58132
58132
58132
58132
58132
58132
58132
58132
58132
58133
58133
58133
58133
58133
58133
58133
58133
58133
58133
58133
58133
58133
58133
58133
58133
58133
58133
58133
58133
58134
58134
58134
58134
58134
58134
58134
58134
58134
58134
58134
58134
58134
58134
58134
58134
58134
58134
58134
58135
58135
58135
58135
58135
58135
58135
58135
58135
58135
58135
58135
58135
58135
58135
58135
58135
58135
58135
58136
58136
58136
58136
58136
58136
58136
58136
58136
58136
58136
58136
58136
58136
58136
58136
58136
58136
58136
58136
58136
58137
58137
58137
58137
58137
58137
58137
58137
58137
58137
58137
58137
58137
58137
58137
58137
58137
58137
58137
58137
58137
58138
58138
58138
58138
58138
58138
58138
58138
58138
58138
58138
58138
58138
58138
58138
58138
58138
58138
58138
58138
58138
58139
58139
58139
58139
58139
58139
58139
58139
58139
58139
58139
58139
58139
58139
58139
58139
58139
58139
58139
58139
58139
58147
58147
58147
58147
58147
58147
58147
58147
58147
58147
58147
58147
58147
58147
58147
58147
58147
58147
58147
58147
58147
58148
58148
58148
58148
58148
58148
58148
58148
58148
58148
58148
58148
58148
58148
58148
58148
58148
58148
58148
58148
58148
58148
58148
58148
58148
58148
58148
58148
58148
58148
58148
58148
58148
58148
58148
58148
58148
58148
58148
58148
58148
58148
58150
58150
58150
58150
58150
58150
58150
58150
58150
58150
58150
58150
58150
58150
58150
58150
58150
58150
58150
58150
58150
58153
58153
58153
58153
58153
58153
58153
58153
58153
58153
58153
58153
58153
58153
58153
58153
58153
58153
58153
58153
58153
58160
58160
58160
58160
58160
58160
58160
58160
58160
58160
58160
58160
58160
58160
58160
58160
58160
58160
58160
58160
58160
58161
58161
58161
58161
58161
58161
58161
58161
58161
58161
58161
58161
58161
58161
58161
58161
58161
58161
58161
58161
58161
58162
58162
58162
58162
58162
58162
58162
58162
58162
58162
58162
58162
58162
58162
58162
58162
58162
58162
58162
58162
58162
58163
58163
58163
58163
58163
58163
58163
58163
58163
58163
58163
58163
58163
58163
58163
58163
58163
58163
58163
58163
58163
58164
58164
58164
58164
58164
58164
58164
58164
58164
58164
58164
58164
58164
58164
58164
58164
58164
58164
58164
58164
58164
58165
58165
58165
58165
58165
58165
58165
58165
58165
58165
58165
58165
58165
58165
58165
58165
58165
58165
58165
58165
58165
58168
58168
58168
58168
58168
58168
58168
58168
58168
58168
58168
58168
58168
58168
58168
58168
58168
58168
58168
58168
58168
58170
58170
58170
58170
58170
58170
58170
58170
58170
58170
58170
58170
58170
58170
58170
58170
58170
58170
58170
58170
58170
58171
58171
58171
58171
58171
58171
58171
58171
58171
58171
58171
58171
58171
58171
58171
58171
58171
58171
58171
58171
58171
58172
58172
58172
58172
58172
58172
58172
58172
58172
58172
58172
58172
58172
58172
58172
58172
58172
58172
58172
58172
58172
58174
58174
58174
58174
58174
58174
58174
58174
58174
58174
58174
58174
58174
58174
58174
58174
58174
58174
58174
58174
58174
58177
58177
58177
58177
58177
58177
58177
58177
58177
58177
58177
58177
58177
58177
58177
58177
58177
58177
58177
58177
58177
58178
58178
58178
58178
58178
58178
58178
58178
58178
58178
58178
58178
58178
58178
58178
58178
58178
58178
58178
58178
58178
58179
58179
58179
58179
58179
58179
58179
58179
58179
58179
58179
58179
58179
58179
58179
58179
58179
58179
58179
58179
58179
58181
58181
58181
58181
58181
58181
58181
58181
58181
58181
58181
58181
58181
58181
58181
58181
58181
58181
58181
58181
58181
58187
58187
58187
58187
58187
58187
58187
58187
58187
58187
58187
58187
58187
58187
58187
58187
58187
58187
58187
58187
58187
58189
58189
58189
58189
58189
58189
58189
58189
58189
58189
58189
58189
58189
58189
58189
58189
58189
58189
58189
58189
58189
58191
58191
58191
58191
58191
58191
58191
58191
58191
58191
58191
58191
58191
58191
58191
58191
58191
58191
58191
58191
58191
58193
58193
58193
58193
58193
58193
58193
58193
58193
58193
58193
58193
58193
58193
58193
58193
58193
58193
58193
58193
58193
58195
58195
58195
58195
58195
58195
58195
58195
58195
58195
58195
58195
58195
58195
58195
58195
58195
58195
58195
58195
58195
58197
58197
58197
58197
58197
58197
58197
58197
58197
58197
58197
58197
58197
58197
58197
58197
58197
58197
58197
58197
58197
58199
58199
58199
58199
58199
58199
58199
58199
58199
58199
58199
58199
58199
58199
58199
58199
58199
58199
58199
58199
58199
58201
58201
58201
58201
58201
58201
58201
58201
58201
58201
58201
58201
58201
58201
58201
58201
58201
58201
58201
58201
58201
58203
58203
58203
58203
58203
58203
58203
58203
58203
58203
58203
58203
58203
58203
58203
58203
58203
58203
58203
58203
58203
58205
58205
58205
58205
58205
58205
58205
58205
58205
58205
58205
58205
58205
58205
58205
58205
58205
58205
58205
58205
58205
58207
58207
58207
58207
58207
58207
58207
58207
58207
58207
58207
58207
58207
58207
58207
58207
58207
58207
58207
58207
58207
58209
58209
58209
58209
58209
58209
58209
58209
58209
58209
58209
58209
58209
58209
58209
58209
58209
58209
58209
58209
58209
58211
58211
58211
58211
58211
58211
58211
58211
58211
58211
58211
58211
58211
58211
58211
58211
58211
58211
58211
58211
58211
58211
58211
58213
58213
58213
58213
58213
58213
58213
58213
58213
58213
58213
58213
58213
58213
58213
58213
58213
58213
58213
58213
58213
58215
58215
58215
58215
58215
58215
58215
58215
58215
58215
58215
58215
58215
58215
58215
58215
58215
58215
58215
58215
58215
58217
58217
58217
58217
58217
58217
58217
58217
58217
58217
58217
58217
58217
58217
58217
58217
58217
58217
58217
58217
58217
58221
58221
58221
58221
58221
58221
58221
58221
58221
58221
58221
58221
58221
58221
58221
58221
58221
58221
58221
58221
58221
58223
58223
58223
58223
58223
58223
58223
58223
58223
58223
58223
58223
58223
58223
58223
58223
58223
58223
58223
58223
58223
58226
58226
58226
58226
58226
58226
58226
58226
58226
58226
58226
58226
58226
58226
58226
58226
58226
58226
58226
58226
58226
