-2.185000000000000000e+02
-2.155000000000000000e+02
-2.125000000000000000e+02
-2.095000000000000000e+02
-2.065000000000000000e+02
-2.035000000000000000e+02
-2.005000000000000000e+02
-1.975000000000000000e+02
-1.945000000000000000e+02
-1.915000000000000000e+02
-1.885000000000000000e+02
-1.855000000000000000e+02
-1.825000000000000000e+02
-1.795000000000000000e+02
-1.765000000000000000e+02
-1.735000000000000000e+02
-1.705000000000000000e+02
-1.675000000000000000e+02
-1.645000000000000000e+02
-1.615000000000000000e+02
-1.585000000000000000e+02
-1.555000000000000000e+02
-1.525000000000000000e+02
-1.495000000000000000e+02
-1.465000000000000000e+02
-1.435000000000000000e+02
-1.405000000000000000e+02
-1.375000000000000000e+02
-1.345000000000000000e+02
-1.315000000000000000e+02
-1.285000000000000000e+02
-1.255000000000000000e+02
-1.225000000000000000e+02
-1.195000000000000000e+02
-1.165000000000000000e+02
-1.135000000000000000e+02
-1.105000000000000000e+02
-1.075000000000000000e+02
-1.045000000000000000e+02
-1.015000000000000000e+02
-9.850000000000000000e+01
-9.550000000000000000e+01
-9.250000000000000000e+01
-8.950000000000000000e+01
-8.650000000000000000e+01
-8.350000000000000000e+01
-8.050000000000000000e+01
-7.750000000000000000e+01
-7.450000000000000000e+01
-7.150000000000000000e+01
-6.850000000000000000e+01
-6.550000000000000000e+01
-6.250000000000000000e+01
-5.950000000000000000e+01
-5.650000000000000000e+01
-5.350000000000000000e+01
-5.050000000000000000e+01
-4.750000000000000000e+01
-4.450000000000000000e+01
-4.150000000000000000e+01
-3.850000000000000000e+01
-3.550000000000000000e+01
-3.250000000000000000e+01
-2.950000000000000000e+01
-2.650000000000000000e+01
-2.350000000000000000e+01
-2.050000000000000000e+01
-1.750000000000000000e+01
-1.450000000000000000e+01
-1.150000000000000000e+01
-8.500000000000000000e+00
-5.500000000000000000e+00
-2.500000000000000000e+00
5.000000000000000000e-01
3.500000000000000000e+00
6.500000000000000000e+00
9.500000000000000000e+00
1.250000000000000000e+01
1.550000000000000000e+01
1.850000000000000000e+01
2.150000000000000000e+01
2.450000000000000000e+01
2.750000000000000000e+01
3.050000000000000000e+01
3.350000000000000000e+01
3.650000000000000000e+01
3.950000000000000000e+01
4.250000000000000000e+01
4.550000000000000000e+01
4.850000000000000000e+01
5.150000000000000000e+01
5.450000000000000000e+01
5.750000000000000000e+01
6.050000000000000000e+01
6.350000000000000000e+01
6.650000000000000000e+01
6.950000000000000000e+01
7.250000000000000000e+01
7.550000000000000000e+01
7.850000000000000000e+01
8.150000000000000000e+01
8.450000000000000000e+01
8.750000000000000000e+01
9.050000000000000000e+01
9.350000000000000000e+01
9.650000000000000000e+01
9.950000000000000000e+01
1.025000000000000000e+02
1.055000000000000000e+02
1.085000000000000000e+02
1.115000000000000000e+02
1.145000000000000000e+02
1.175000000000000000e+02
1.205000000000000000e+02
1.235000000000000000e+02
1.265000000000000000e+02
1.295000000000000000e+02
1.325000000000000000e+02
1.355000000000000000e+02
1.385000000000000000e+02
1.415000000000000000e+02
1.445000000000000000e+02
1.475000000000000000e+02
1.505000000000000000e+02
1.535000000000000000e+02
1.565000000000000000e+02
1.595000000000000000e+02
1.625000000000000000e+02
1.655000000000000000e+02
1.685000000000000000e+02
1.715000000000000000e+02
1.745000000000000000e+02
1.775000000000000000e+02
1.805000000000000000e+02
1.835000000000000000e+02
1.865000000000000000e+02
1.895000000000000000e+02
1.925000000000000000e+02
1.955000000000000000e+02
1.985000000000000000e+02
2.015000000000000000e+02
2.045000000000000000e+02
2.075000000000000000e+02
2.105000000000000000e+02
2.135000000000000000e+02
2.165000000000000000e+02
